Gene	16_LINDGREN_BLADDER_CAN	7_GAL_LEUKEMIC_STEM_CE	33_SHEPARD_BMYB_MORPHOL	19_MATTIOLI_MGUS_VS_PCL	21_MORI_PRE_BI_LYMPHOCY	32_SESTO_RESPONSE_TO_UV	38_SUNG_METASTASIS_STRO	37_SMITH_TERT_TARGETS_D	6_FAELT_B_CLL_WITH_VH3	40_THILLAINADESAN_ZNF21	5_DUNNE_TARGETS_OF_AML	18_MARSHALL_VIRAL_INFEC	29_REACTOME_THE_ROLE_OF	17_MACLACHLAN_BRCA1_TAR	22_NIELSEN_LIPOSARCOMA_	2_BIOCARTA_CELLCYCLE_P	11_HINATA_NFKB_TARGETS_	15_LAMB_CCND1_TARGETS	25_REACTOME_ACTIVATED_T	14_KIM_TIAL1_TARGETS
PCNA	0	0	0	1	0	0	1	1	0	0	0	1	0	1	0	0	0	0	0	0
IGFBP2	0	1	1	0	0	0	0	0	0	0	0	0	0	1	0	0	0	0	0	0
MT1X	0	0	0	0	0	1	1	0	0	0	0	0	0	0	0	0	0	0	0	1
MT1E	0	0	0	0	0	1	1	0	0	0	0	0	0	0	0	0	0	0	0	0
PNP	0	0	0	0	0	0	1	1	0	0	0	0	0	0	0	0	0	0	0	0
MCM5	0	0	0	1	0	0	1	0	0	0	0	0	0	0	0	0	0	0	0	0
HNRNPF	0	0	0	1	0	0	1	0	0	0	0	0	0	0	0	0	0	0	0	0
PKMYT1	0	0	0	0	0	0	1	0	1	0	0	0	0	0	0	0	0	0	0	0
HIPK2	0	0	0	0	0	0	1	0	0	0	0	0	0	0	0	0	0	0	0	0
MT1F	0	0	0	0	0	0	1	0	0	0	0	0	0	0	0	0	0	0	0	0
LGALS2	0	0	0	0	0	0	1	0	0	0	0	0	0	0	0	0	0	0	0	0
CDC45	0	0	0	0	0	0	1	0	0	0	0	0	0	0	0	0	0	0	0	0
BYSL	0	0	0	0	0	0	1	0	0	0	0	0	0	0	0	0	0	0	0	0
DEK	0	0	0	0	0	0	1	0	0	0	0	0	0	0	0	0	0	0	0	0
GMNN	0	0	0	0	0	0	1	0	0	0	0	0	0	0	0	0	0	0	0	0
NOLC1	0	0	0	0	0	0	1	0	0	0	0	0	0	0	0	0	0	0	0	0
ZNF367	0	0	0	0	0	0	1	0	0	0	0	0	0	0	0	0	0	0	0	0
PARP4	0	0	0	0	0	0	1	0	0	0	0	0	0	0	0	0	0	0	0	0
MCMBP	0	0	0	0	0	0	1	0	0	0	0	0	0	0	0	0	0	0	0	0
HCP5	0	0	0	0	0	0	1	0	0	0	0	0	0	0	0	0	0	0	0	0
ACP5	0	0	0	0	0	0	1	0	0	0	0	0	0	0	0	0	0	0	0	0
EML1	0	0	0	0	0	0	1	0	0	0	0	0	0	0	0	0	0	0	0	0
DERA	0	0	0	0	0	0	1	0	0	0	0	0	0	0	0	0	0	0	0	0
ARF6	0	0	0	0	0	0	1	0	0	0	0	0	0	0	0	0	0	0	0	0
NPC2	0	0	0	0	0	0	1	0	0	0	0	0	0	0	0	0	0	0	0	0
PARP2	0	0	0	0	0	0	1	0	0	0	0	0	0	0	0	0	0	0	0	0
NOP56	0	0	0	0	0	0	1	0	0	0	0	0	0	0	0	0	0	0	0	0
IL13RA2	0	0	0	0	0	0	1	0	0	0	0	0	0	0	0	0	0	0	0	0
IFI30	0	1	0	0	0	0	0	1	0	0	0	0	0	0	0	0	0	0	0	0
SIRPA	0	1	0	0	0	0	0	1	0	0	0	0	0	0	0	0	0	0	0	0
VSNL1	0	0	0	0	0	1	0	1	0	0	0	0	0	0	0	0	0	0	0	0
CBR1	0	0	0	0	0	1	0	1	0	0	0	0	0	0	0	0	0	0	0	0
A2M	0	0	0	0	0	0	0	1	0	0	0	0	0	0	0	0	0	0	0	0
EHHADH	0	0	0	0	0	0	0	1	0	0	0	0	0	0	0	0	0	0	0	0
AKR1C3	0	0	0	0	0	0	0	1	0	0	0	0	0	0	0	0	0	0	0	0
PGF	0	0	0	0	0	0	0	1	0	0	0	0	0	0	0	0	0	0	0	0
DHCR24	0	0	0	0	0	0	0	1	0	0	0	0	0	0	0	0	0	0	0	0
AHCY	0	0	0	0	0	0	0	1	0	0	0	0	0	0	0	0	0	0	0	0
TNFSF10	0	0	0	0	0	0	0	1	0	0	0	0	0	0	0	0	0	0	0	0
SERPING1	0	0	0	0	0	0	0	1	0	0	0	0	0	0	0	0	0	0	0	0
MMP2	0	0	0	0	0	0	0	1	0	0	0	0	0	0	0	0	0	0	0	0
IDI1	0	0	0	0	0	0	0	1	0	0	0	0	0	0	0	0	0	0	0	0
RAB11A	0	0	0	0	0	0	0	1	0	0	0	0	0	0	0	0	0	0	0	0
NSDHL	0	0	0	0	0	0	0	1	0	0	0	0	0	0	0	0	0	0	0	0
KYNU	0	0	0	0	0	0	0	1	0	0	0	0	0	0	0	0	0	0	0	0
PML	0	0	0	0	0	0	0	1	0	0	0	0	0	0	0	0	0	0	0	0
DNA2	0	0	0	0	0	0	0	1	0	0	0	0	0	0	0	0	0	0	0	0
PIK3R3	0	0	0	0	0	0	0	1	0	0	0	0	0	0	0	0	0	0	0	0
STMN1	1	0	0	0	1	1	0	0	0	0	0	0	0	0	0	0	0	0	0	0
IDH2	1	0	0	0	0	1	0	0	0	0	0	0	0	0	0	0	0	0	0	0
CDC25B	1	0	0	0	0	1	0	0	0	0	0	0	0	0	0	0	0	0	0	0
TK1	0	0	0	0	0	1	0	0	1	0	0	0	0	0	0	0	0	0	0	0
ASNS	0	0	0	0	0	1	0	0	0	0	0	0	0	0	0	0	0	1	0	0
CEBPD	0	0	0	0	0	1	0	0	0	0	0	0	0	0	0	0	0	0	0	0
PRCP	0	0	0	0	0	1	0	0	0	0	0	0	0	0	0	0	0	0	0	0
TCN1	0	0	0	0	0	1	0	0	0	0	0	0	0	0	0	0	0	0	0	0
ASS1	0	0	0	0	0	1	0	0	0	0	0	0	0	0	0	0	0	0	0	0
MMP10	0	0	0	0	0	1	0	0	0	0	0	0	0	0	0	0	0	0	0	0
AARS	0	0	0	0	0	1	0	0	0	0	0	0	0	0	0	0	0	0	0	0
MTHFD1	0	0	0	0	0	1	0	0	0	0	0	0	0	0	0	0	0	0	0	0
SDC1	0	0	0	0	0	1	0	0	0	0	0	0	0	0	0	0	0	0	0	0
HSPA5	0	0	0	0	0	1	0	0	0	0	0	0	0	0	0	0	0	0	0	0
YARS	0	0	0	0	0	1	0	0	0	0	0	0	0	0	0	0	0	0	0	0
ALDH3B2	0	0	0	0	0	1	0	0	0	0	0	0	0	0	0	0	0	0	0	0
ODC1	0	0	0	0	0	1	0	0	0	0	0	0	0	0	0	0	0	0	0	0
ITGB1	0	0	0	0	0	1	0	0	0	0	0	0	0	0	0	0	0	0	0	0
PGD	0	0	0	0	0	1	0	0	0	0	0	0	0	0	0	0	0	0	0	0
AKR1C1	0	0	0	0	0	1	0	0	0	0	0	0	0	0	0	0	0	0	0	0
HMGB1	0	0	0	0	0	1	0	0	0	0	0	0	0	0	0	0	0	0	0	0
PLP2	0	0	0	0	0	1	0	0	0	0	0	0	0	0	0	0	0	0	0	0
IFITM1	0	0	0	0	0	1	0	0	0	0	0	0	0	0	0	0	0	0	0	0
NCAPD2	0	0	0	0	0	1	0	0	0	0	0	0	0	0	0	0	0	0	0	0
CRABP2	0	0	0	0	0	1	0	0	0	0	0	0	0	0	0	0	0	0	0	0
CTSC	0	0	0	0	0	1	0	0	0	0	0	0	0	0	0	0	0	0	0	0
KLK6	0	1	0	0	0	0	0	0	0	0	0	0	0	0	0	0	1	0	0	0
RIMS2	0	0	0	0	0	0	0	0	0	0	0	0	0	0	0	0	1	0	0	0
UPK1B	0	0	0	0	0	0	0	0	0	0	0	0	0	0	0	0	1	0	0	0
KLK7	0	0	0	0	0	0	0	0	0	0	0	0	0	0	0	0	1	0	0	0
SCEL	0	0	0	0	0	0	0	0	0	0	0	0	0	0	0	0	1	0	0	0
GPRC5A	0	0	0	0	0	0	0	0	0	0	0	0	0	0	0	0	1	0	0	0
CALB1	0	0	0	0	0	0	0	0	0	0	0	0	0	0	0	0	1	0	0	0
LMNB1	0	1	0	0	1	0	0	0	0	1	0	0	0	0	0	0	0	0	0	0
CDC25C	0	1	0	0	0	0	0	0	0	1	0	0	0	0	0	0	0	0	0	0
S100A8	0	1	0	1	0	0	0	0	0	0	1	0	0	0	0	0	0	0	0	0
LYZ	0	1	0	0	0	0	0	0	0	0	1	0	0	0	0	0	0	0	0	0
RNASE2	0	1	0	0	0	0	0	0	0	0	1	0	0	0	0	0	0	0	0	0
HMMR	0	1	0	0	1	0	0	0	0	0	0	0	0	0	0	0	0	0	0	0
E2F8	0	1	0	0	1	0	0	0	0	0	0	0	0	0	0	0	0	0	0	0
KIAA0101	0	1	0	0	0	1	0	0	0	0	0	0	0	0	0	0	0	0	0	0
CDKN3	0	1	0	0	0	1	0	0	0	0	0	0	0	0	0	0	0	0	0	0
VDR	0	1	0	0	0	0	0	0	0	0	0	0	0	0	0	0	0	0	0	0
SECTM1	0	1	0	0	0	0	0	0	0	0	0	0	0	0	0	0	0	0	0	0
OSGIN2	0	1	0	0	0	0	0	0	0	0	0	0	0	0	0	0	0	0	0	0
KIF18B	0	1	0	0	0	0	0	0	0	0	0	0	0	0	0	0	0	0	0	0
PLAA	0	1	0	0	0	0	0	0	0	0	0	0	0	0	0	0	0	0	0	0
ALPPL2	0	1	0	0	0	0	0	0	0	0	0	0	0	0	0	0	0	0	0	0
SERPINA1	0	1	0	0	0	0	0	0	0	0	0	0	0	0	0	0	0	0	0	0
HIST1H4G	0	1	0	0	0	0	0	0	0	0	0	0	0	0	0	0	0	0	0	0
CD163	0	1	0	0	0	0	0	0	0	0	0	0	0	0	0	0	0	0	0	0
CD68	0	1	0	0	0	0	0	0	0	0	0	0	0	0	0	0	0	0	0	0
HPSE	0	1	0	0	0	0	0	0	0	0	0	0	0	0	0	0	0	0	0	0
ASF1B	0	1	0	0	0	0	0	0	0	0	0	0	0	0	0	0	0	0	0	0
GALNT12	0	1	0	0	0	0	0	0	0	0	0	0	0	0	0	0	0	0	0	0
DMXL2	0	1	0	0	0	0	0	0	0	0	0	0	0	0	0	0	0	0	0	0
NCAPG	0	1	0	0	0	0	0	0	0	0	0	0	0	0	0	0	0	0	0	0
SCNN1A	0	1	0	0	0	0	0	0	0	0	0	0	0	0	0	0	0	0	0	0
SAMHD1	0	1	0	0	0	0	0	0	0	0	0	0	0	0	0	0	0	0	0	0
MS4A4A	0	1	0	0	0	0	0	0	0	0	0	0	0	0	0	0	0	0	0	0
S100A9	0	1	0	0	0	0	0	0	0	0	0	0	0	0	0	0	0	0	0	0
SLC11A1	0	1	0	0	0	0	0	0	0	0	0	0	0	0	0	0	0	0	0	0
CHST15	0	1	0	0	0	0	0	0	0	0	0	0	0	0	0	0	0	0	0	0
ZNF589	0	1	0	0	0	0	0	0	0	0	0	0	0	0	0	0	0	0	0	0
KIF20A	0	1	0	0	0	0	0	0	0	0	0	0	0	0	0	0	0	0	0	0
SMC2	0	1	0	0	0	0	0	0	0	0	0	0	0	0	0	0	0	0	0	0
LRP2	0	1	0	0	0	0	0	0	0	0	0	0	0	0	0	0	0	0	0	0
VCAN	0	1	0	0	0	0	0	0	0	0	0	0	0	0	0	0	0	0	0	0
HIST1H3B	0	1	0	0	0	0	0	0	0	0	0	0	0	0	0	0	0	0	0	0
LILRA6	0	1	0	0	0	0	0	0	0	0	0	0	0	0	0	0	0	0	0	0
BUB1B	0	1	0	0	0	0	0	0	0	0	0	0	0	0	0	0	0	0	0	0
CLEC5A	0	1	0	0	0	0	0	0	0	0	0	0	0	0	0	0	0	0	0	0
CDK16	0	0	0	0	0	0	0	0	1	0	0	0	0	1	0	0	0	0	0	0
RHOA	0	0	0	0	0	0	0	0	0	0	0	0	0	1	0	0	0	0	0	0
TOP1	0	0	0	0	0	0	0	0	0	0	0	0	0	1	0	0	0	0	0	0
DDIT3	0	0	0	0	0	0	0	0	0	0	0	0	0	1	0	0	0	0	0	0
TIMP1	0	0	0	0	0	0	0	0	0	0	0	0	0	1	0	0	0	0	0	0
MET	0	0	0	0	0	0	0	0	0	0	0	0	0	1	0	0	0	0	0	0
ARHGDIA	0	0	0	0	0	0	0	0	0	0	0	0	0	1	0	0	0	0	0	0
CDK4	0	0	0	0	0	0	0	0	0	0	0	0	0	1	0	1	0	0	0	0
TFDP1	0	0	0	0	0	0	0	0	0	0	0	0	0	0	0	1	0	0	0	0
CCNA1	0	0	0	0	0	0	0	0	0	0	0	0	0	0	0	1	0	0	0	0
ESYT1	0	0	0	1	0	0	0	0	0	0	0	0	0	0	0	0	1	0	0	0
B2M	0	0	0	1	0	0	0	0	0	0	0	0	1	0	0	0	0	0	0	0
NUSAP1	0	1	0	1	0	0	0	0	0	0	0	0	0	0	0	0	0	0	0	0
SMC1A	0	1	0	1	0	0	0	0	0	0	0	0	0	0	0	0	0	0	0	0
LBR	0	0	0	1	0	0	0	0	0	1	0	0	0	0	0	0	0	0	0	0
UBA1	0	0	0	1	0	0	0	0	0	0	0	0	0	0	0	0	0	0	0	0
RPLP1	0	0	0	1	0	0	0	0	0	0	0	0	0	0	0	0	0	0	0	0
PRDX3	0	0	0	1	0	0	0	0	0	0	0	0	0	0	0	0	0	0	0	0
PPAP2B	0	0	0	1	0	0	0	0	0	0	0	0	0	0	0	0	0	0	0	0
MCM2	0	0	0	1	0	0	0	0	0	0	0	0	0	0	0	0	0	0	0	0
NUP210	0	0	0	1	0	0	0	0	0	0	0	0	0	0	0	0	0	0	0	0
JUNB	0	0	0	1	0	0	0	0	0	0	0	0	0	0	0	0	0	0	0	0
PELI1	0	0	0	1	0	0	0	0	0	0	0	0	0	0	0	0	0	0	0	0
TBCB	0	0	0	1	0	0	0	0	0	0	0	0	0	0	0	0	0	0	0	0
G3BP1	0	0	0	1	0	0	0	0	0	0	0	0	0	0	0	0	0	0	0	0
MSH6	0	0	0	1	0	0	0	0	0	0	0	0	0	0	0	0	0	0	0	0
EPAS1	0	0	0	1	0	0	0	0	0	0	0	0	0	0	0	0	0	0	0	0
ACTR3	0	0	0	1	0	0	0	0	0	0	0	0	0	0	0	0	0	0	0	0
RNASE3	0	0	0	1	0	0	0	0	0	0	0	0	0	0	0	0	0	0	0	0
OPHN1	0	0	0	1	0	0	0	0	0	0	0	0	0	0	0	0	0	0	0	0
AKAP1	0	0	0	1	0	0	0	0	0	0	0	0	0	0	0	0	0	0	0	0
PAICS	0	0	0	1	0	0	0	0	0	0	0	0	0	0	0	0	0	0	0	0
NASP	0	0	0	1	0	0	0	0	0	0	0	0	0	0	0	0	0	0	0	0
SRSF1	0	0	0	1	0	0	0	0	0	0	0	0	0	0	0	0	0	0	0	0
INTS7	0	0	0	1	0	0	0	0	0	0	0	0	0	0	0	0	0	0	0	0
EXOSC4	0	0	0	1	0	0	0	0	0	0	0	0	0	0	0	0	0	0	0	0
ASF1A	0	0	0	1	0	0	0	0	0	0	0	0	0	0	0	0	0	0	0	0
PPBP	0	0	0	1	0	0	0	0	0	0	0	0	0	0	0	0	0	0	0	0
LAPTM4B	0	0	0	1	0	0	0	0	0	0	0	0	0	0	0	0	0	0	0	0
CCT3	0	0	0	1	0	0	0	0	0	0	0	0	0	0	0	0	0	0	0	0
STAP1	0	0	0	1	0	0	0	0	0	0	0	0	0	0	0	0	0	0	0	0
PARP1	0	0	0	1	0	0	0	0	0	0	0	0	0	0	0	0	0	0	0	0
TUBA1B	0	0	0	1	0	0	0	0	0	0	0	0	0	0	0	0	0	0	0	0
JUND	0	0	0	1	0	0	0	0	0	0	0	0	0	0	0	0	0	0	0	0
CSTF2T	0	0	0	1	0	0	0	0	0	0	0	0	0	0	0	0	0	0	0	0
PSMC4	0	0	0	1	0	0	0	0	0	0	0	0	0	0	0	0	0	0	0	0
SLAMF1	0	0	0	1	0	0	0	0	0	0	0	0	0	0	0	0	0	0	0	0
TYMS	0	1	0	0	0	0	0	0	1	0	0	0	0	0	0	0	0	0	0	0
PTPN1	0	0	0	0	0	0	0	0	1	0	0	0	0	0	0	0	0	0	0	0
TOMM40	0	0	0	0	0	0	0	0	1	0	0	0	0	0	0	0	0	0	0	0
UBTF	0	0	0	0	0	0	0	0	1	0	0	0	0	0	0	0	0	0	0	0
PPP5C	0	0	0	0	0	0	0	0	1	0	0	0	0	0	0	0	0	0	0	0
MYO9B	0	0	0	0	0	0	0	0	1	0	0	0	0	0	0	0	0	0	0	0
SMG5	0	0	0	0	0	0	0	0	1	0	0	0	0	0	0	0	0	0	0	0
VCP	0	0	0	0	0	0	0	0	1	0	0	0	0	0	0	0	0	0	0	0
PRRC2A	0	0	0	0	0	0	0	0	1	0	0	0	0	0	0	0	0	0	0	0
CALR	0	0	0	0	0	0	0	0	1	0	0	0	0	0	0	0	0	0	0	0
POR	0	0	0	0	0	0	0	0	1	0	0	0	0	0	1	0	0	0	0	0
APOA1	0	0	0	0	0	0	0	0	0	0	0	0	0	0	1	0	0	0	0	0
CLEC3B	0	0	0	0	0	0	0	0	0	0	0	0	0	0	1	0	0	0	0	0
SERPINB2	0	0	0	0	0	0	0	0	0	0	0	0	0	0	1	0	0	0	0	0
HSD11B2	0	0	0	0	0	0	0	0	0	0	0	0	0	0	1	0	0	0	0	0
UAP1	0	0	0	0	0	0	0	0	0	0	0	0	0	0	1	0	0	0	0	0
LGMN	0	0	0	0	0	0	0	0	0	0	0	0	0	0	1	0	0	0	0	0
RNASE1	0	0	0	0	0	0	0	0	0	0	0	0	0	0	1	0	0	0	0	0
GPRC5B	0	0	0	0	0	0	0	0	0	0	0	0	0	0	1	0	0	0	0	0
C10orf10	0	0	0	0	0	0	0	0	0	0	0	0	0	0	1	0	0	0	0	0
H2AFZ	1	0	0	0	0	0	0	0	0	0	0	1	0	0	0	0	0	0	0	0
RELB	0	0	0	0	0	0	0	0	0	0	0	1	0	0	0	0	0	0	0	0
S1PR4	0	0	0	0	0	0	0	0	0	0	0	1	0	0	0	0	0	0	0	0
TXK	0	0	0	0	0	0	0	0	0	0	0	1	0	0	0	0	0	0	0	0
SGK1	0	0	0	0	0	0	0	0	0	0	0	1	0	0	0	0	0	0	0	0
NFKBIA	0	0	0	0	0	0	0	0	0	0	0	1	0	0	0	0	0	0	0	0
PIM1	0	0	0	0	0	0	0	0	0	0	0	1	0	0	0	0	0	0	0	0
GZMB	0	0	0	0	0	0	0	0	0	0	0	1	0	0	0	0	0	0	0	0
GABPB1	0	0	0	0	0	0	0	0	0	0	0	1	0	0	0	0	0	0	0	0
CKS2	0	0	0	0	0	0	0	0	0	0	0	1	0	0	0	0	0	0	0	0
KLRG1	0	0	0	0	0	0	0	0	0	0	0	1	0	0	0	0	0	0	0	0
RAC1	0	0	0	0	0	0	0	0	0	0	0	0	1	1	0	0	0	0	0	0
ATP6V1H	0	0	0	0	0	0	0	0	0	0	0	0	1	0	0	0	0	0	0	0
HCK	0	0	0	0	0	0	0	0	0	0	0	0	1	0	0	0	0	0	0	0
AP1S1	0	0	0	0	0	0	0	0	0	0	0	0	1	0	0	0	0	0	0	0
ARF1	0	0	0	0	0	0	0	0	0	0	0	0	1	0	0	0	0	0	0	0
AP2B1	0	0	0	0	0	0	0	0	0	0	0	0	1	0	0	0	0	0	0	0
AP1M2	0	0	0	0	0	0	0	0	0	0	0	0	1	0	0	0	0	0	0	0
PACS1	0	0	0	0	0	0	0	0	0	0	0	0	1	0	0	0	0	0	0	0
CD28	0	0	0	0	0	0	0	0	0	0	0	0	1	0	0	0	0	0	0	0
ELMO1	0	0	0	0	0	0	0	0	0	0	0	0	1	0	0	0	0	0	0	0
AP1S2	0	0	0	0	0	0	0	0	0	0	0	0	1	0	0	0	0	0	0	0
MAP3K7	0	0	0	0	0	0	0	0	0	0	0	0	0	0	0	0	0	0	1	0
MAP2K3	0	0	0	0	0	0	0	0	0	0	0	0	0	0	0	0	0	0	1	0
MAPKAPK2	0	0	0	0	0	0	0	0	0	0	0	0	0	0	0	0	0	0	1	0
MAP2K6	0	0	0	0	0	0	0	0	0	0	0	0	0	0	0	0	0	0	1	0
TAB3	0	0	0	0	0	0	0	0	0	0	0	0	0	0	0	0	0	0	1	0
RIPK2	0	0	0	0	0	0	0	0	0	0	0	0	0	0	0	0	0	0	1	0
TAB2	0	0	0	0	0	0	0	0	0	0	0	0	0	0	0	0	0	0	1	0
ARF3	0	0	0	0	0	0	0	0	0	0	0	0	0	0	0	0	0	0	0	1
H2AFY2	0	0	0	0	0	0	0	0	0	0	0	0	0	0	0	0	0	0	0	1
ME2	0	0	0	0	0	0	0	0	0	0	0	0	0	0	0	0	0	0	0	1
NOP10	0	0	0	0	0	0	0	0	0	0	0	0	0	0	0	0	0	0	0	1
CHEK1	0	0	0	0	0	0	0	0	0	0	0	0	0	0	0	0	0	0	0	1
GPR56	0	0	0	0	0	0	0	0	0	0	0	0	0	0	0	0	0	0	0	1
CDK2	0	0	1	0	0	0	0	0	0	0	0	0	0	0	0	1	0	0	0	0
HELLS	0	0	1	0	0	0	1	0	0	0	0	0	0	0	0	0	0	0	0	0
MCM3	0	0	1	0	0	0	1	0	0	0	0	0	0	0	0	0	0	0	0	0
CKAP2	0	0	1	1	0	0	0	0	0	0	0	0	0	0	0	0	0	0	0	0
MCM4	0	0	1	1	0	0	0	0	0	0	0	0	0	0	0	0	0	0	0	0
RGS2	0	0	1	0	0	0	0	0	0	0	0	0	0	0	0	0	1	0	0	0
PTPN22	0	0	1	0	0	0	0	0	0	0	0	0	0	0	0	0	0	0	0	0
BMS1	0	0	1	0	0	0	0	0	0	0	0	0	0	0	0	0	0	0	0	0
AQP3	0	0	1	0	0	0	0	0	0	0	0	0	0	0	0	0	0	0	0	0
DNMT1	0	0	1	0	0	0	0	0	0	0	0	0	0	0	0	0	0	0	0	0
COTL1	0	0	1	0	0	0	0	0	0	0	0	0	0	0	0	0	0	0	0	0
PCK1	0	0	1	0	0	0	0	0	0	0	0	0	0	0	0	0	0	0	0	0
ARID5B	0	0	1	0	0	0	0	0	0	0	0	0	0	0	0	0	0	0	0	0
IQGAP3	0	0	1	0	0	0	0	0	0	0	0	0	0	0	0	0	0	0	0	0
ACAT2	0	0	1	0	0	0	0	0	0	0	0	0	0	0	0	0	0	0	0	0
COL1A1	0	0	1	0	0	0	0	0	0	0	0	0	0	0	0	0	0	0	0	0
FOXM1	0	0	1	0	0	0	0	0	0	0	0	0	0	0	0	0	0	0	0	0
SULF1	0	0	1	0	0	0	0	0	0	0	0	0	0	0	0	0	0	0	0	0
CCNB3	0	0	1	0	0	0	0	0	0	0	0	0	0	0	0	0	0	0	0	0
PDCL	0	0	1	0	0	0	0	0	0	0	0	0	0	0	0	0	0	0	0	0
DRAP1	0	0	1	0	0	0	0	0	0	0	0	0	0	0	0	0	0	0	0	0
FBXO5	0	0	1	0	0	0	0	0	0	0	0	0	0	0	0	0	0	0	0	0
MSH2	0	0	1	0	0	0	0	0	0	0	0	0	0	0	0	0	0	0	0	0
DCK	0	0	1	0	0	0	0	0	0	0	0	0	0	0	0	0	0	0	0	0
TTN	0	0	1	0	0	0	0	0	0	0	0	0	0	0	0	0	0	0	0	0
GCH1	0	0	1	0	0	0	0	0	0	0	0	0	0	0	0	0	0	0	0	0
CDCA7L	0	0	1	0	0	0	0	0	0	0	0	0	0	0	0	0	0	0	0	0
SLC4A2	0	0	1	0	0	0	0	0	0	0	0	0	0	0	0	0	0	0	0	0
CFB	0	0	1	0	0	0	0	0	0	0	0	0	0	0	0	0	0	0	0	0
PRIM1	0	0	1	0	0	0	0	0	0	0	0	0	0	0	0	0	0	0	0	0
MASTL	0	0	1	0	0	0	0	0	0	0	0	0	0	0	0	0	0	0	0	0
WDR76	0	0	1	0	0	0	0	0	0	0	0	0	0	0	0	0	0	0	0	0
ASPM	0	0	1	0	0	0	0	0	0	0	0	0	0	0	0	0	0	0	0	0
ANLN	0	0	1	0	0	0	0	0	0	0	0	0	0	0	0	0	0	0	0	0
GINS1	0	0	1	0	0	0	0	0	0	0	0	0	0	0	0	0	0	0	0	0
TPX2	0	0	1	0	0	0	0	0	0	0	0	0	0	0	0	0	0	0	0	0
LHX1	0	0	1	0	0	0	0	0	0	0	0	0	0	0	0	0	0	0	0	0
ACTN4	0	0	0	0	1	0	0	0	1	0	0	0	0	0	0	0	0	0	0	0
EMP1	0	0	0	0	1	0	0	0	0	0	0	0	0	0	0	0	0	0	0	0
RRM1	0	0	0	0	1	0	0	0	0	0	0	0	0	0	0	0	0	0	0	0
MCM7	0	0	0	0	1	0	0	0	0	0	0	0	0	0	0	0	0	0	0	0
ANP32E	0	0	0	0	1	0	0	0	0	0	0	0	0	0	0	0	0	0	0	0
SMC4	0	0	0	0	1	0	0	0	0	0	0	0	0	0	0	0	0	0	0	0
ENPEP	0	0	0	0	1	0	0	0	0	0	0	0	0	0	0	0	0	0	0	0
LEF1	0	0	0	0	1	0	0	0	0	0	0	0	0	0	0	0	0	0	0	0
DTL	0	0	0	0	1	0	0	0	0	0	0	0	0	0	0	0	0	0	0	0
NCAPH	0	0	0	0	1	0	0	0	0	0	0	0	0	0	0	0	0	0	0	0
PRC1	1	0	1	0	1	0	0	0	0	0	0	0	0	0	0	0	0	0	0	0
CDCA3	0	0	1	0	1	0	0	0	0	0	0	0	0	0	0	0	0	0	0	0
TTK	0	0	1	0	1	0	0	0	0	0	0	0	0	0	0	0	0	0	0	0
MKI67	0	0	1	0	1	0	0	0	0	0	0	0	0	0	0	0	0	0	0	0
PSAT1	0	0	1	0	1	0	0	0	0	0	0	0	0	0	0	0	0	0	0	0
PRR11	0	0	1	0	0	0	0	0	0	1	0	0	0	0	0	0	0	0	0	0
SRP72	0	0	0	0	0	0	0	0	0	1	0	0	0	0	0	0	0	0	0	0
ZBTB8A	0	0	0	0	0	0	0	0	0	1	0	0	0	0	0	0	0	0	0	0
BAIAP2L1	0	0	0	0	0	0	0	0	0	1	0	0	0	0	0	0	0	0	0	0
CAMK2N1	0	0	0	0	0	0	0	0	0	1	0	0	0	0	0	0	0	0	0	0
HAUS2	0	0	0	0	0	0	0	0	0	1	0	0	0	0	0	0	0	0	0	0
RAD51AP1	0	0	0	0	0	0	0	0	0	1	0	0	0	0	0	0	0	0	0	0
SKA3	0	0	0	0	0	0	0	0	0	1	0	0	0	0	0	0	0	0	0	0
MND1	0	0	0	0	0	0	0	0	0	1	0	0	0	0	0	0	0	0	0	0
CDCA8	1	1	0	0	0	0	0	0	0	1	0	0	0	0	0	0	0	0	0	0
POP7	1	0	0	0	0	0	0	0	0	1	0	0	0	0	0	0	0	0	0	0
MCM8	1	0	0	0	0	0	0	0	0	1	0	0	0	0	0	0	0	0	0	0
EFNA1	1	0	0	0	0	0	0	0	0	0	0	0	0	0	0	0	0	1	0	0
HEXA	0	0	0	0	0	0	0	0	0	0	0	0	0	0	0	0	0	1	0	0
TGFB1	0	0	0	0	0	0	0	0	0	0	0	0	0	0	0	0	0	1	0	0
GNAI2	0	0	0	0	0	0	0	0	0	0	0	0	0	0	0	0	0	1	0	0
PPID	0	0	0	0	0	0	0	0	0	0	0	0	0	0	0	0	0	1	0	0
HSPA1A	0	0	0	0	0	0	0	0	0	0	0	0	0	0	0	0	0	1	0	0
RAB31	0	0	0	0	0	0	0	0	0	0	0	0	0	0	0	0	0	1	0	0
HSD17B10	0	0	0	0	0	0	0	0	0	0	0	0	0	0	0	0	0	1	0	0
GCA	0	0	0	0	0	0	0	0	0	0	1	0	0	0	0	0	0	0	0	0
LCP1	0	0	0	0	0	0	0	0	0	0	1	0	0	0	0	0	0	0	0	0
CD24	0	0	0	0	0	0	0	0	0	0	1	0	0	0	0	0	0	0	0	0
ATP2B4	0	0	0	0	0	0	0	0	0	0	1	0	0	0	0	0	0	0	0	0
CXCR4	0	0	0	0	0	0	0	0	0	0	1	0	0	0	0	0	0	0	0	0
NUCB2	0	0	0	0	0	0	0	0	0	0	1	0	0	0	0	0	0	0	0	0
LAPTM5	0	0	0	0	0	0	0	0	0	0	1	0	0	0	0	0	0	0	0	0
PLAC8	1	0	0	0	0	0	0	0	0	0	1	0	0	0	0	0	0	0	0	0
PRG2	1	0	0	0	0	0	0	0	0	0	1	0	0	0	0	0	0	0	0	0
NFE2	1	0	0	0	0	0	0	0	0	0	1	0	0	0	0	0	0	0	0	0
GINS2	1	1	1	0	0	0	0	0	0	0	0	0	0	0	0	0	0	0	0	0
BIRC5	1	1	1	0	0	0	0	0	0	0	0	0	0	0	0	0	0	0	0	0
CDC6	1	1	1	0	0	0	0	0	0	0	0	0	0	0	0	0	0	0	0	0
NDRG2	1	1	0	0	0	0	0	0	0	0	0	0	0	0	0	0	0	0	0	0
ORC1	1	1	0	0	0	0	0	0	0	0	0	0	0	0	0	0	0	0	0	0
BUB1	1	1	0	0	0	0	0	0	0	0	0	0	0	0	0	0	0	0	0	0
ZWINT	1	1	0	0	0	0	0	0	0	0	0	0	0	0	0	0	0	0	0	0
KIF23	1	0	1	0	0	0	0	0	0	0	0	1	0	0	0	0	0	0	0	0
CDCA2	1	0	1	0	0	0	0	0	0	0	0	0	0	0	0	0	0	0	0	0
PVALB	1	0	1	0	0	0	0	0	0	0	0	0	0	0	0	0	0	0	0	0
DLGAP5	1	0	1	0	0	0	0	0	0	0	0	0	0	0	0	0	0	0	0	0
KIF14	1	0	1	0	0	0	0	0	0	0	0	0	0	0	0	0	0	0	0	0
KIF11	1	0	1	0	0	0	0	0	0	0	0	0	0	0	0	0	0	0	0	0
NCAPG2	1	0	0	0	0	0	1	0	0	0	0	0	0	0	0	0	0	0	0	0
MT1G	1	0	0	0	0	0	1	0	0	0	0	0	0	0	0	0	0	0	0	0
CDKN2C	1	0	0	0	0	0	0	0	0	0	0	0	0	0	0	1	0	0	0	0
RBL1	1	0	0	0	0	0	0	0	0	0	0	0	0	0	0	1	0	0	0	0
CCNE1	1	0	0	0	0	0	0	0	0	0	0	0	0	0	0	1	0	0	0	0
SQLE	1	0	0	0	1	0	0	0	0	0	0	0	0	0	0	0	0	0	0	0
KIF4A	1	0	0	0	1	0	0	0	0	0	0	0	0	0	0	0	0	0	0	0
RACGAP1	1	0	0	0	1	0	0	0	0	0	0	0	0	0	0	0	0	0	0	0
AURKA	1	0	0	0	1	0	0	0	0	0	0	0	0	0	0	0	0	0	0	0
CDCA7	1	0	0	0	1	0	0	0	0	0	0	0	0	0	0	0	0	0	0	0
SMARCA4	1	0	0	1	0	0	0	0	0	0	0	0	0	0	0	0	0	0	0	0
WHSC1	1	0	0	1	0	0	0	0	0	0	0	0	0	0	0	0	0	0	0	0
RGS10	1	0	0	0	0	0	0	0	1	0	0	0	0	0	0	0	0	0	0	0
CLDN4	1	0	0	0	0	0	0	0	0	0	0	0	0	0	0	0	0	0	0	0
IL2RG	1	0	0	0	0	0	0	0	0	0	0	0	0	0	0	0	0	0	0	0
PAFAH1B3	1	0	0	0	0	0	0	0	0	0	0	0	0	0	0	0	0	0	0	0
PMP22	1	0	0	0	0	0	0	0	0	0	0	0	0	0	0	0	0	0	0	0
FAM50A	1	0	0	0	0	0	0	0	0	0	0	0	0	0	0	0	0	0	0	0
CHAF1B	1	0	0	0	0	0	0	0	0	0	0	0	0	0	0	0	0	0	0	0
SFMBT1	1	0	0	0	0	0	0	0	0	0	0	0	0	0	0	0	0	0	0	0
MYBL2	1	0	0	0	0	0	0	0	0	0	0	0	0	0	0	0	0	0	0	0
GNL3L	1	0	0	0	0	0	0	0	0	0	0	0	0	0	0	0	0	0	0	0
SH3KBP1	1	0	0	0	0	0	0	0	0	0	0	0	0	0	0	0	0	0	0	0
GTSE1	1	0	0	0	0	0	0	0	0	0	0	0	0	0	0	0	0	0	0	0
DAG1	1	0	0	0	0	0	0	0	0	0	0	0	0	0	0	0	0	0	0	0
CIT	1	0	0	0	0	0	0	0	0	0	0	0	0	0	0	0	0	0	0	0
HMGB2	1	0	0	0	0	0	0	0	0	0	0	0	0	0	0	0	0	0	0	0
TEAD2	1	0	0	0	0	0	0	0	0	0	0	0	0	0	0	0	0	0	0	0
H1F0	1	0	0	0	0	0	0	0	0	0	0	0	0	0	0	0	0	0	0	0
PDIA5	1	0	0	0	0	0	0	0	0	0	0	0	0	0	0	0	0	0	0	0
PMM2	1	0	0	0	0	0	0	0	0	0	0	0	0	0	0	0	0	0	0	0
CENPA	1	0	0	0	0	0	0	0	0	0	0	0	0	0	0	0	0	0	0	0
KIF2C	1	0	0	0	0	0	0	0	0	0	0	0	0	0	0	0	0	0	0	0
SPCS1	1	0	0	0	0	0	0	0	0	0	0	0	0	0	0	0	0	0	0	0
MPHOSPH9	1	0	0	0	0	0	0	0	0	0	0	0	0	0	0	0	0	0	0	0
PRRX1	1	0	0	0	0	0	0	0	0	0	0	0	0	0	0	0	0	0	0	0
SAE1	1	0	0	0	0	0	0	0	0	0	0	0	0	0	0	0	0	0	0	0
NAV2	1	0	0	0	0	0	0	0	0	0	0	0	0	0	0	0	0	0	0	0
PRSS8	1	0	0	0	0	0	0	0	0	0	0	0	0	0	0	0	0	0	0	0
APOBEC3B	1	0	0	0	0	0	0	0	0	0	0	0	0	0	0	0	0	0	0	0
BIRC3	1	0	0	0	0	0	0	0	0	0	0	0	0	0	0	0	0	0	0	0
PSMB4	1	0	0	0	0	0	0	0	0	0	0	0	0	0	0	0	0	0	0	0
BRCA1	1	0	0	0	0	0	0	0	0	0	0	0	0	0	0	0	0	0	0	0
RAI14	1	0	0	0	0	0	0	0	0	0	0	0	0	0	0	0	0	0	0	0
TNFAIP1	1	0	0	0	0	0	0	0	0	0	0	0	0	0	0	0	0	0	0	0
KRT23	1	0	0	0	0	0	0	0	0	0	0	0	0	0	0	0	0	0	0	0
HN1	1	0	0	0	0	0	0	0	0	0	0	0	0	0	0	0	0	0	0	0
PMS2P4	1	0	0	0	0	0	0	0	0	0	0	0	0	0	0	0	0	0	0	0
RAD54L	1	0	0	0	0	0	0	0	0	0	0	0	0	0	0	0	0	0	0	0
RNASEH2A	1	0	0	0	0	0	0	0	0	0	0	0	0	0	0	0	0	0	0	0
SELL	1	0	0	0	0	0	0	0	0	0	0	0	0	0	0	0	0	0	0	0
CGN	1	0	0	0	0	0	0	0	0	0	0	0	0	0	0	0	0	0	0	0
PDXDC1	1	0	0	0	0	0	0	0	0	0	0	0	0	0	0	0	0	0	0	0
KDELR2	1	0	0	0	0	0	0	0	0	0	0	0	0	0	0	0	0	0	0	0
ENAH	1	0	0	0	0	0	0	0	0	0	0	0	0	0	0	0	0	0	0	0
RBM28	1	0	0	0	0	0	0	0	0	0	0	0	0	0	0	0	0	0	0	0
CLN3	1	0	0	0	0	0	0	0	0	0	0	0	0	0	0	0	0	0	0	0
RELL1	1	0	0	0	0	0	0	0	0	0	0	0	0	0	0	0	0	0	0	0
CERS2	1	0	0	0	0	0	0	0	0	0	0	0	0	0	0	0	0	0	0	0
TRIP13	1	0	0	0	0	0	0	0	0	0	0	0	0	0	0	0	0	0	0	0
SRGAP2	1	0	0	0	0	0	0	0	0	0	0	0	0	0	0	0	0	0	0	0
CENPN	1	0	0	0	0	0	0	0	0	0	0	0	0	0	0	0	0	0	0	0
PVRL2	1	0	0	0	0	0	0	0	0	0	0	0	0	0	0	0	0	0	0	0
SNX5	1	0	0	0	0	0	0	0	0	0	0	0	0	0	0	0	0	0	0	0
SSR1	1	0	0	0	0	0	0	0	0	0	0	0	0	0	0	0	0	0	0	0
ILF3	1	0	0	0	0	0	0	0	0	0	0	0	0	0	0	0	0	0	0	0
MAL	1	0	0	0	0	0	0	0	0	0	0	0	0	0	0	0	0	0	0	0
IL2RA	1	0	0	0	0	0	0	0	0	0	0	0	0	0	0	0	0	0	0	0
CD80	1	0	0	0	0	0	0	0	0	0	0	0	0	0	0	0	0	0	0	0
ALAS1	1	0	0	0	0	0	0	0	0	0	0	0	0	0	0	0	0	0	0	0
TMPO	1	0	0	0	0	0	0	0	0	0	0	0	0	0	0	0	0	0	0	0
TAGLN2	1	0	0	0	0	0	0	0	0	0	0	0	0	0	0	0	0	0	0	0
APEX2	1	0	0	0	0	0	0	0	0	0	0	0	0	0	0	0	0	0	0	0
SMURF1	1	0	0	0	0	0	0	0	0	0	0	0	0	0	0	0	0	0	0	0
PSMD11	1	0	0	0	0	0	0	0	0	0	0	0	0	0	0	0	0	0	0	0
EBP	1	0	0	0	0	0	0	0	0	0	0	0	0	0	0	0	0	0	0	0
HIP1	1	0	0	0	0	0	0	0	0	0	0	0	0	0	0	0	0	0	0	0
THBD	1	0	0	0	0	0	0	0	0	0	0	0	0	0	0	0	0	0	0	0
NEURL1B	1	0	0	0	0	0	0	0	0	0	0	0	0	0	0	0	0	0	0	0
ASAP1	1	0	0	0	0	0	0	0	0	0	0	0	0	0	0	0	0	0	0	0
SLC43A3	1	0	0	0	0	0	0	0	0	0	0	0	0	0	0	0	0	0	0	0
RFC3	1	0	0	0	0	0	0	0	0	0	0	0	0	0	0	0	0	0	0	0
PLK4	1	0	0	0	0	0	0	0	0	0	0	0	0	0	0	0	0	0	0	0
FABP3	1	0	0	0	0	0	0	0	0	0	0	0	0	0	0	0	0	0	0	0
HMGCS1	1	0	0	0	0	0	0	0	0	0	0	0	0	0	0	0	0	0	0	0
FAM83D	1	0	0	0	0	0	0	0	0	0	0	0	0	0	0	0	0	0	0	0
NEDD9	1	0	0	0	0	0	0	0	0	0	0	0	0	0	0	0	0	0	0	0
C10orf12	1	0	0	0	0	0	0	0	0	0	0	0	0	0	0	0	0	0	0	0
ERBB3	1	0	0	0	0	0	0	0	0	0	0	0	0	0	0	0	0	0	0	0
PEA15	1	0	0	0	0	0	0	0	0	0	0	0	0	0	0	0	0	0	0	0
SLC44A2	1	0	0	0	0	0	0	0	0	0	0	0	0	0	0	0	0	0	0	0
ST8SIA3	1	0	0	0	0	0	0	0	0	0	0	0	0	0	0	0	0	0	0	0
PATL1	1	0	0	0	0	0	0	0	0	0	0	0	0	0	0	0	0	0	0	0
NEK2	1	0	0	0	0	0	0	0	0	0	0	0	0	0	0	0	0	0	0	0
TNFRSF11A	1	0	0	0	0	0	0	0	0	0	0	0	0	0	0	0	0	0	0	0
MGP	1	0	0	0	0	0	0	0	0	0	0	0	0	0	0	0	0	0	0	0
EZH2	1	0	0	0	0	0	0	0	0	0	0	0	0	0	0	0	0	0	0	0
WDHD1	1	0	0	0	0	0	0	0	0	0	0	0	0	0	0	0	0	0	0	0
DEPDC1	1	0	0	0	0	0	0	0	0	0	0	0	0	0	0	0	0	0	0	0
CELSR3	1	0	0	0	0	0	0	0	0	0	0	0	0	0	0	0	0	0	0	0
CCL13	1	0	0	0	0	0	0	0	0	0	0	0	0	0	0	0	0	0	0	0
ATAD2	1	0	0	0	0	0	0	0	0	0	0	0	0	0	0	0	0	0	0	0
EXO1	1	0	0	0	0	0	0	0	0	0	0	0	0	0	0	0	0	0	0	0
PTTG1	1	0	0	0	0	0	0	0	0	0	0	0	0	0	0	0	0	0	0	0
EMP2	1	0	0	0	0	0	0	0	0	0	0	0	0	0	0	0	0	0	0	0
CDC7	1	0	0	0	0	0	0	0	0	0	0	0	0	0	0	0	0	0	0	0
CENPF	1	0	0	0	0	0	0	0	0	0	0	0	0	0	0	0	0	0	0	0
CENPE	1	0	0	0	0	0	0	0	0	0	0	0	0	0	0	0	0	0	0	0
E2F1	1	1	0	0	0	0	1	0	0	0	0	0	0	0	0	1	0	0	0	0
TOP2A	1	1	0	0	1	0	0	0	0	0	0	0	0	1	0	0	0	0	0	0
RRM2	1	1	0	0	1	0	0	0	0	0	0	0	0	0	0	0	0	0	0	0
CCNB2	1	1	0	0	1	0	0	0	0	0	0	0	0	0	0	0	0	0	0	0
RAD51	1	1	0	0	1	0	0	0	0	0	0	0	0	0	0	0	0	0	0	0
CCNB1	1	1	1	0	0	0	0	0	0	0	0	0	0	0	0	1	0	0	0	0
MELK	1	1	1	0	1	0	0	0	0	0	0	0	0	0	0	0	0	0	0	0
CDK1	1	1	1	0	1	0	0	0	0	0	0	0	0	0	0	1	0	0	0	0
UBE2C	1	0	0	0	1	1	0	0	0	0	0	0	0	0	0	0	0	0	0	1
MCM6	1	0	0	1	1	0	1	0	0	0	0	0	0	0	0	0	0	0	0	0
CKS1B	1	0	0	1	1	0	0	0	0	0	0	0	0	0	0	0	0	0	0	0
