Gene	26_REACTOME_INFLUENZA_L	27_REACTOME_INFLUENZA_V	29_REACTOME_PEPTIDE_CHA	5_CHNG_MULTIPLE_MYELOM	15_MENSSEN_MYC_TARGETS	21_PID_MYC_ACTIV_PATHWA	3_CHANDRAN_METASTASIS_	31_REACTOME_REGULATORY_	24_REACTOME_BIOSYNTHESI	32_REACTOME_RNA_POL_III	34_REACTOME_RNA_POL_III	33_REACTOME_RNA_POL_III	16_NGO_MALIGNANT_GLIOMA	7_EBAUER_TARGETS_OF_PA	35_REACTOME_SIGNALING_B	28_REACTOME_INHIBITION_	23_REACTOME_APC_CDC20_M	25_REACTOME_CONVERSION_	22_REACTOME_APC_C_CDC20	30_REACTOME_PHOSPHORYLA
POLR2F	1	1	0	0	1	0	0	1	0	1	1	1	0	0	0	0	0	0	0	0
BUB3	0	0	0	0	0	0	0	0	0	0	0	0	0	0	0	1	1	0	0	0
BUB1B	0	0	0	0	0	0	0	0	0	0	0	0	0	0	0	1	1	0	0	0
ANAPC5	0	0	0	0	0	0	0	0	0	0	0	0	0	0	0	1	1	1	1	1
UBE2D1	0	0	0	0	0	0	0	0	0	0	0	0	0	0	0	1	1	1	1	1
CDC23	0	0	0	0	0	0	0	0	0	0	0	0	0	0	0	1	1	1	1	1
ANAPC4	0	0	0	0	0	0	0	0	0	0	0	0	0	0	0	1	1	1	1	1
CDC26	0	0	0	0	0	0	0	0	0	0	0	0	0	0	0	1	1	1	1	1
CCNB1	0	0	0	0	1	1	0	0	0	0	0	0	0	0	0	0	0	0	1	1
HSP90AA1	1	1	0	0	1	1	1	0	0	0	0	0	0	0	0	0	0	0	0	0
RPSA	1	1	1	1	0	0	0	0	0	0	0	0	1	0	0	0	0	0	0	0
RPL11	1	1	1	0	0	1	0	0	0	0	0	0	0	0	0	0	0	0	0	0
RPL34	1	1	1	0	0	0	0	0	0	0	0	0	0	0	0	0	0	0	0	0
RPL31	1	1	1	0	0	0	0	0	0	0	0	0	0	0	0	0	0	0	0	0
RPL27	1	1	1	0	0	0	0	0	0	0	0	0	0	0	0	0	0	0	0	0
RPL7	1	1	1	0	0	0	0	0	0	0	0	0	0	0	0	0	0	0	0	0
RPS27A	1	1	1	0	0	0	0	0	0	0	0	0	0	0	0	0	0	0	0	0
RPL26	1	1	1	0	0	0	0	0	0	0	0	0	0	0	0	0	0	0	0	0
RPL23A	1	1	1	0	0	0	0	0	0	0	0	0	0	0	0	0	0	0	0	0
RPS7	1	1	1	0	0	0	0	0	0	0	0	0	0	0	0	0	0	0	0	0
RPS12	1	1	1	0	0	0	0	0	0	0	0	0	0	0	0	0	0	0	0	0
RPL30	1	1	1	0	0	0	0	0	0	0	0	0	0	0	0	0	0	0	0	0
RPL23	1	1	1	0	0	0	0	0	0	0	0	0	0	0	0	0	0	0	0	0
RPS3A	1	1	1	0	0	0	0	0	0	0	0	0	0	0	0	0	0	0	0	0
RPL23AP2	1	1	1	0	0	0	0	0	0	0	0	0	0	0	0	0	0	0	0	0
RPS20	1	1	1	0	0	0	0	0	0	0	0	0	0	0	0	0	0	0	0	0
RPL12	1	1	1	0	0	0	0	0	0	0	0	0	0	0	0	0	0	0	0	0
RPL34P27	1	1	1	0	0	0	0	0	0	0	0	0	0	0	0	0	0	0	0	0
RPS26	1	1	1	0	0	0	0	0	0	0	0	0	0	0	0	0	0	0	0	0
RPL36A	1	1	1	0	0	0	0	0	0	0	0	0	0	0	0	0	0	0	0	0
RPL10	1	1	1	0	0	0	0	0	0	0	0	0	0	0	0	0	0	0	0	0
RPS29	1	1	1	0	0	0	0	0	0	0	0	0	0	0	0	0	0	0	0	0
RPS10	1	1	1	0	0	0	0	0	0	0	0	0	0	0	0	0	0	0	0	0
RPS4X	1	1	1	0	0	0	0	0	0	0	0	0	0	0	0	0	0	0	0	0
RPL41	1	1	1	0	0	0	0	0	0	0	0	0	0	0	0	0	0	0	0	0
RPL4	1	1	1	1	0	0	0	0	0	0	0	0	0	0	0	0	0	0	0	0
RPL28	1	1	1	1	0	0	0	0	0	0	0	0	0	0	0	0	0	0	0	0
RPS6	1	1	1	1	0	0	0	0	0	0	0	0	0	0	0	0	0	0	0	0
RPL32	1	1	1	1	0	0	0	0	0	0	0	0	0	0	0	0	0	0	0	0
RPL21	1	1	1	1	0	0	0	0	0	0	0	0	0	0	0	0	0	0	0	0
RPS14	1	1	1	1	0	0	0	0	0	0	0	0	0	0	0	0	0	0	0	0
RPS3	1	1	1	1	0	0	0	0	0	0	0	0	0	0	0	0	0	0	0	0
RPS13	1	1	1	1	0	0	0	0	0	0	0	0	0	0	0	0	0	0	0	0
RPLP1	1	1	1	1	0	0	0	0	0	0	0	0	0	0	0	0	0	0	0	0
RPL37	1	1	1	1	0	0	0	0	0	0	0	0	0	0	0	0	0	0	0	0
RPS23	1	1	1	1	0	0	0	0	0	0	0	0	0	0	0	0	0	0	0	0
RPL35A	1	1	1	1	0	0	0	0	0	0	0	0	0	0	0	0	0	0	0	0
GTF3C3	0	0	0	0	0	0	0	0	0	1	1	0	0	0	0	0	0	0	0	0
GTF3C4	0	0	0	0	0	0	0	0	0	1	1	0	0	0	0	0	0	0	0	0
POLR3A	0	0	0	0	0	0	0	0	0	1	1	1	0	0	0	0	0	0	0	0
POLR1C	0	0	0	0	0	0	0	0	0	1	1	1	0	0	0	0	0	0	0	0
POLR3B	0	0	0	0	0	0	0	0	0	1	1	1	0	0	0	0	0	0	0	0
POLR3K	0	0	0	0	0	0	0	0	0	1	1	1	0	0	0	0	0	0	0	0
SNAPC5	0	0	0	0	0	0	0	0	0	0	1	1	0	0	0	0	0	0	0	0
SNAPC3	0	0	0	0	0	0	0	0	0	0	1	1	0	0	0	0	0	0	0	0
ZNF143	0	0	0	0	0	0	0	0	0	0	1	1	0	0	0	0	0	0	0	0
SNAPC1	0	0	0	0	0	0	0	0	0	0	1	1	0	0	0	0	0	0	0	0
POU2F1	0	0	0	0	0	0	0	0	0	0	1	1	0	0	0	0	0	0	0	0
DICER1	0	0	0	0	0	0	0	1	0	0	0	0	0	0	0	0	0	0	0	0
DGCR8	0	0	0	0	0	0	0	1	0	0	0	0	0	0	0	0	0	0	0	0
TNRC6A	0	0	0	0	0	0	0	1	0	0	0	0	0	0	0	0	0	0	0	0
DROSHA	0	0	0	0	0	0	0	1	0	0	0	0	0	0	0	0	0	0	0	0
TNRC6C	0	0	0	0	0	0	0	1	0	0	0	0	0	0	0	0	0	0	0	0
RPSAP9	1	0	0	0	0	0	0	0	0	0	0	0	0	0	0	0	0	0	0	0
CANX	1	0	0	0	0	0	0	0	0	0	0	0	0	0	0	0	0	0	0	0
NUP35	1	0	0	0	0	0	0	0	0	0	0	0	0	0	0	0	0	0	0	0
DNAJC3	1	0	0	0	0	0	0	0	0	0	0	0	0	0	0	0	0	0	0	0
NUP133	1	0	0	0	0	0	0	0	0	0	0	0	0	0	0	0	0	0	0	0
NUP85	1	0	0	0	0	0	0	0	0	0	0	0	0	0	0	0	0	0	0	0
HSPA1B	1	0	0	0	0	0	0	0	0	0	0	0	0	0	0	0	0	0	0	0
TPR	1	0	0	0	0	0	0	0	0	0	0	0	0	0	0	0	0	0	0	0
SEH1L	1	0	0	0	0	0	0	0	0	0	0	0	0	0	0	0	0	0	0	0
AAAS	1	0	0	0	0	0	0	0	0	0	0	0	0	0	0	0	0	0	0	0
NUP37	1	0	0	0	0	0	0	0	0	0	0	0	0	0	0	0	0	0	0	0
CLTC	1	0	0	0	0	0	0	0	0	0	0	0	0	0	0	0	0	0	0	0
NUPL1	1	0	0	0	0	0	0	0	0	0	0	0	0	0	0	0	0	0	0	0
NUP93	1	0	0	0	0	0	0	0	0	0	0	0	0	0	0	0	0	0	0	0
NUP188	1	0	0	0	0	0	0	0	0	0	0	0	0	0	0	0	0	0	0	0
NUP50	1	0	0	0	0	0	0	0	0	0	0	0	0	0	0	0	0	0	0	0
XPO1	1	0	0	0	0	0	0	0	0	0	0	0	0	0	0	0	0	0	0	0
RAE1	1	0	0	0	0	0	0	0	0	0	0	0	0	0	0	0	0	0	0	0
NUP155	1	0	0	0	0	0	0	0	0	0	0	0	0	0	0	0	0	0	0	0
KPNB1	1	0	0	0	0	0	0	0	0	0	0	0	0	0	0	0	0	0	0	0
GRSF1	1	1	0	0	0	0	0	0	0	0	0	0	0	0	0	0	0	0	0	0
IPO5	1	1	0	0	0	0	0	0	0	0	0	0	0	0	0	0	0	0	0	0
GTF2F2	1	1	0	0	0	0	0	0	0	0	0	0	0	0	0	0	0	0	0	0
POLR2D	1	1	0	0	0	0	0	1	0	0	0	0	0	0	0	0	0	0	0	0
POLR2H	1	1	0	0	0	0	0	1	0	0	0	0	0	0	0	0	0	0	0	0
POLR2B	1	1	0	0	0	0	0	1	0	0	0	0	0	0	0	0	0	0	0	0
POLR2I	1	1	0	0	0	0	0	1	0	0	0	0	0	0	0	0	0	0	0	0
POLR2G	1	0	0	0	0	0	0	1	0	0	0	0	0	0	0	0	0	0	0	0
RAN	1	0	0	0	0	0	0	1	0	0	0	0	0	0	0	0	0	0	0	0
POLR2A	1	0	0	0	0	0	0	1	0	0	0	0	0	0	0	0	0	0	0	0
CLTA	1	0	0	1	0	0	0	0	0	0	0	0	0	0	0	0	0	0	0	0
EIF3K	0	0	0	1	0	0	0	0	0	0	0	0	0	0	0	0	0	0	0	0
RSL24D1	0	0	0	1	0	0	0	0	0	0	0	0	0	0	0	0	0	0	0	0
DHPS	0	0	0	1	0	0	0	0	0	0	0	0	0	0	0	0	0	0	0	0
EIF3J	0	0	0	1	0	0	0	0	0	0	0	0	0	0	0	0	0	0	0	0
EIF4A2	0	0	0	1	0	0	0	0	0	0	0	0	0	0	0	0	0	0	0	0
EEF1G	0	0	0	1	0	0	0	0	0	0	0	0	0	0	0	0	0	0	0	0
FBL	0	0	0	1	0	0	0	0	0	0	0	0	0	0	0	0	0	0	0	0
IMP3	0	0	0	1	0	0	0	0	0	0	0	0	0	0	0	0	0	0	0	0
USP3	0	0	0	1	0	0	0	0	0	0	0	0	0	0	0	0	0	0	0	0
HERC1	0	0	0	1	0	0	0	0	0	0	0	0	0	0	0	0	0	0	0	0
EEF2	0	0	1	1	0	0	0	0	0	0	0	0	0	0	0	0	0	0	0	0
EEF1A1	0	0	1	0	0	0	0	0	0	0	0	0	0	0	0	0	0	0	0	0
ZFYVE16	0	0	0	0	0	0	0	0	0	0	0	0	0	1	0	0	0	0	0	0
TSPAN3	0	0	0	0	0	0	0	0	0	0	0	0	0	1	0	0	0	0	0	0
CDH3	0	0	0	0	0	0	0	0	0	0	0	0	0	1	0	0	0	0	0	0
DZIP3	0	0	0	0	0	0	0	0	0	0	0	0	0	1	0	0	0	0	0	0
MYO1E	0	0	0	0	0	0	0	0	0	0	0	0	0	1	0	0	0	0	0	0
ADAM10	0	0	0	0	0	0	0	0	0	0	0	0	0	1	0	0	0	0	0	0
NRCAM	0	0	0	0	0	0	0	0	0	0	0	0	0	1	0	0	0	0	0	0
MTUS2	0	0	0	0	0	0	0	0	0	0	0	0	0	1	0	0	0	0	0	0
SOD1	0	0	0	0	0	0	1	0	0	0	0	0	0	0	0	0	0	0	0	0
DDX17	0	0	0	0	0	0	1	0	0	0	0	0	0	0	0	0	0	0	0	0
BIRC6	0	0	0	0	0	0	1	0	0	0	0	0	0	0	0	0	0	0	0	0
ZNF605	0	0	0	0	0	0	1	0	0	0	0	0	0	0	0	0	0	0	0	0
CELF1	0	0	0	0	0	0	1	0	0	0	0	0	0	0	0	0	0	0	0	0
H2AFV	0	0	0	0	0	0	1	0	0	0	0	0	0	0	0	0	0	0	0	0
TUBA1B	0	0	0	0	0	0	1	0	0	0	0	0	0	0	0	0	0	0	0	0
NUFIP2	0	0	0	0	0	0	1	0	0	0	0	0	0	0	0	0	0	0	0	0
IBTK	0	0	0	0	0	0	1	0	0	0	0	0	0	0	0	0	0	0	0	0
PCBP2	0	0	0	0	0	0	1	0	0	0	0	0	0	0	0	0	0	0	0	0
NUCKS1	0	0	0	0	0	0	1	0	0	0	0	0	0	0	0	0	0	0	0	0
U2SURP	0	0	0	0	0	0	1	0	0	0	0	0	0	0	0	0	0	0	0	0
AR	0	0	0	0	0	0	1	0	0	0	0	0	0	0	0	0	0	0	0	0
EIF1AX	0	0	0	0	0	0	1	0	0	0	0	0	0	0	0	0	0	0	0	0
GNPNAT1	0	0	0	0	0	0	0	0	1	0	0	0	0	0	0	0	0	0	0	0
PGM3	0	0	0	0	0	0	0	0	1	0	0	0	0	0	0	0	0	0	0	0
ALG13	0	0	0	0	0	0	0	0	1	0	0	0	0	0	0	0	0	0	0	0
ALG14	0	0	0	0	0	0	0	0	1	0	0	0	0	0	0	0	0	0	0	0
ALG8	0	0	0	0	0	0	0	0	1	0	0	0	0	0	0	0	0	0	0	0
ALG6	0	0	0	0	0	0	0	0	1	0	0	0	0	0	0	0	0	0	0	0
ALG11	0	0	0	0	0	0	0	0	1	0	0	0	0	0	0	0	0	0	0	0
ALG10B	0	0	0	0	0	0	0	0	1	0	0	0	0	0	0	0	0	0	0	0
MPI	0	0	0	0	0	0	0	0	1	0	0	0	0	0	0	0	0	0	0	0
ALG9	0	0	0	0	0	0	0	0	1	0	0	0	0	0	0	0	0	0	0	0
PRDX3	0	0	0	0	0	1	0	0	0	0	0	0	0	0	0	0	0	0	0	0
BIRC5	0	0	0	0	0	1	0	0	0	0	0	0	0	0	0	0	0	0	0	0
BCAT1	0	0	0	0	0	1	0	0	0	0	0	0	0	0	0	0	0	0	0	0
MINA	0	0	0	0	0	1	0	0	0	0	0	0	0	0	0	0	0	0	0	0
HUWE1	0	0	0	0	0	1	0	0	0	0	0	0	0	0	0	0	0	0	0	0
ACTL6A	0	0	0	0	0	1	0	0	0	0	0	0	0	0	0	0	0	0	0	0
IREB2	0	0	0	0	0	1	0	0	0	0	0	0	0	0	0	0	0	0	0	0
EIF4E	0	0	0	0	0	1	0	0	0	0	0	0	0	0	0	0	0	0	0	0
GPAM	0	0	0	0	0	1	0	0	0	0	0	0	0	0	0	0	0	0	0	0
PEG10	0	0	0	0	0	1	0	0	0	0	0	0	0	0	0	0	0	0	0	0
NBN	0	0	0	0	0	1	0	0	0	0	0	0	0	0	0	0	0	0	0	0
SMAD4	0	0	0	0	0	1	0	0	0	0	0	0	0	0	1	0	0	0	0	0
TDGF1	0	0	0	0	0	0	0	0	0	0	0	0	0	0	1	0	0	0	0	0
ACVR2B	0	0	0	0	0	0	0	0	0	0	0	0	0	0	1	0	0	0	0	0
ACVR1B	0	0	0	0	0	0	0	0	0	0	0	0	0	0	1	0	0	0	0	0
SMAD2	0	0	0	0	0	0	0	0	0	0	0	0	0	0	1	0	0	0	0	0
FOXO3	0	0	0	0	0	0	0	0	0	0	0	0	0	0	1	0	0	0	0	0
PCSK6	0	0	0	0	0	0	0	0	0	0	0	0	0	0	1	0	0	0	0	0
NCL	0	0	0	0	1	1	0	0	0	0	0	0	0	0	0	0	0	0	0	0
PFKM	0	0	0	0	1	1	0	0	0	0	0	0	0	0	0	0	0	0	0	0
BRCA1	0	0	0	0	1	0	0	0	0	0	0	0	0	0	0	0	0	0	0	0
CDK4	0	0	0	0	1	0	0	0	0	0	0	0	0	0	0	0	0	0	0	0
EFTUD2	0	0	0	0	1	0	0	0	0	0	0	0	0	0	0	0	0	0	0	0
HSPA9	0	0	0	0	1	0	0	0	0	0	0	0	0	0	0	0	0	0	0	0
NME1	0	0	0	0	1	0	0	0	0	0	0	0	0	0	0	0	0	0	0	0
APEX1	0	0	0	0	1	0	0	0	0	0	0	0	0	0	0	0	0	0	0	0
TRAP1	0	0	0	0	1	0	0	0	0	0	0	0	0	0	0	0	0	0	0	0
HSPA1A	0	0	0	0	1	0	0	0	0	0	0	0	0	0	0	0	0	0	0	0
SCARB1	0	0	0	0	1	0	0	0	0	0	0	0	0	0	0	0	0	0	0	0
MRPL3	0	0	0	0	1	0	0	0	0	0	0	0	0	0	0	0	0	0	0	0
EPRS	0	0	0	0	1	0	0	0	0	0	0	0	0	0	0	0	0	0	0	0
KAT2B	0	0	0	0	1	0	0	0	0	0	0	0	0	0	0	0	0	0	0	0
HSPH1	0	0	0	0	1	0	0	0	0	0	0	0	0	0	0	0	0	0	0	0
SLPI	0	0	0	0	1	0	0	0	0	0	0	0	0	0	0	0	0	0	0	0
LDHB	0	0	0	0	1	0	0	0	0	0	0	0	0	0	0	0	0	0	0	0
METAP2	0	0	0	0	1	0	0	0	0	0	0	0	0	0	0	0	0	0	0	0
CCT3	0	0	0	0	1	0	0	0	0	0	0	0	0	0	0	0	0	0	0	0
MSH2	0	0	0	0	1	0	0	0	0	0	0	0	0	0	0	0	0	0	0	0
HSPA8	0	0	0	0	1	0	0	0	0	0	0	0	0	0	0	0	0	0	0	0
NSF	0	0	0	0	1	0	0	0	0	0	0	0	0	0	0	0	0	0	0	0
HSP90AB1	0	0	0	0	1	0	0	0	0	0	0	0	1	0	0	0	0	0	0	0
PARK7	0	0	0	0	0	0	0	0	0	0	0	0	1	0	0	0	0	0	0	0
PGK1	0	0	0	0	0	0	0	0	0	0	0	0	1	0	0	0	0	0	0	0
HNRNPK	0	0	0	0	0	0	0	0	0	0	0	0	1	0	0	0	0	0	0	0
HSPA5	0	0	0	0	0	0	0	0	0	0	0	0	1	0	0	0	0	0	0	0
STMN1	0	0	0	0	0	0	0	0	0	0	0	0	1	0	0	0	0	0	0	0
TPM3	0	0	0	0	0	0	0	0	0	0	0	0	1	0	0	0	0	0	0	0
TPM4	0	0	0	0	0	0	0	0	0	0	0	0	1	0	0	0	0	0	0	0
