Gene	6_GAL_LEUKEMIC_STEM_CE	34_SHEPARD_BMYB_MORPHOL	12_ICHIBA_GRAFT_VERSUS_	1_ACOSTA_PROLIFERATION	15_LENAOUR_DENDRITIC_CE	17_MORI_PRE_BI_LYMPHOCY	20_NIKOLSKY_BREAST_CANC	9_GROSS_HYPOXIA_VIA_EL	24_PARK_APL_PATHOGENESI	21_OLSSON_E2F3_TARGETS_	16_LINDSTEDT_DENDRITIC_	22_ONO_AML1_TARGETS_DN	23_ONO_FOXP3_TARGETS_DN	33_SEITZ_NEOPLASTIC_TRA	11_HOFFMANN_PRE_BI_TO_L	41_YAO_HOXA10_TARGETS_V	7_GOLUB_ALL_VS_AML_DN	38_THILLAINADESAN_ZNF21	31_REACTOME_THE_ROLE_OF	40_WU_HBX_TARGETS_3_UP
CDK1	1	1	0	0	0	1	0	0	0	1	0	0	0	0	0	0	0	0	0	0
RRM2	1	0	0	0	0	1	0	0	0	1	0	0	0	0	0	0	0	0	0	0
KIF23	0	1	0	0	0	0	0	1	0	0	0	0	0	0	1	0	0	0	0	0
CD14	1	0	1	0	1	0	0	0	0	0	0	0	0	0	0	0	0	0	0	0
S100A8	1	0	1	0	1	0	0	0	0	0	0	0	0	0	0	0	0	0	0	0
S100A9	1	0	1	0	1	0	0	0	0	0	0	0	0	0	0	0	0	0	0	0
NAMPT	0	0	1	0	1	0	0	0	0	0	0	0	0	0	0	0	0	0	0	0
LGMN	0	0	1	0	1	0	0	0	0	0	0	0	0	0	0	0	0	0	0	0
SERPINA1	1	0	0	0	1	0	0	0	0	0	0	0	0	0	0	0	0	0	0	0
CD163	1	0	0	0	1	0	0	0	0	0	0	0	0	0	0	0	0	0	0	0
SLC11A1	1	0	0	0	1	0	0	0	0	0	0	0	0	0	0	0	0	0	0	0
KYNU	0	0	0	1	1	0	0	0	0	0	0	0	0	0	0	0	0	0	0	0
AKR1C1	0	0	0	1	1	0	0	0	0	0	0	0	0	0	0	0	0	0	0	0
ISG15	0	0	0	0	1	0	0	0	0	0	0	0	0	0	0	0	0	0	0	0
PLAUR	0	0	0	0	1	0	0	0	0	0	0	0	0	0	0	0	0	0	0	0
CXCL3	0	0	0	0	1	0	0	0	0	0	0	0	0	0	0	0	0	0	0	0
SERPINF1	0	0	0	0	1	0	0	0	0	0	0	0	0	0	0	0	0	0	0	0
TSC22D1	0	0	0	0	1	0	0	0	0	0	0	0	0	0	0	0	0	0	0	0
ARHGDIB	0	0	0	0	1	0	0	0	0	0	0	0	0	0	0	0	0	0	0	0
BCAT1	0	0	0	0	1	0	0	0	0	0	0	0	0	0	0	0	0	0	0	0
CHI3L1	0	0	0	0	1	0	0	0	0	0	0	0	0	0	0	0	0	0	0	0
IER3	0	0	0	0	1	0	0	0	0	0	0	0	0	0	0	0	0	0	0	0
CD44	0	0	0	0	1	0	0	0	0	0	0	0	0	0	0	0	0	0	0	0
SOD2	0	0	0	0	1	0	0	0	0	0	0	0	0	0	0	0	0	0	0	0
IDS	0	0	0	0	1	0	0	0	0	0	0	0	0	0	0	0	0	0	0	0
EVI2A	0	0	0	0	1	0	0	0	0	0	0	0	0	0	0	0	0	0	0	0
C5AR1	0	0	0	0	1	0	0	0	0	0	0	0	0	0	0	0	0	0	0	0
CTSK	0	0	0	0	1	0	0	0	0	0	0	0	0	0	0	0	0	0	0	0
HIST1H4C	0	0	0	0	1	0	0	0	0	0	0	0	0	0	0	0	0	0	0	0
MAPKAPK2	0	0	0	0	1	0	0	0	0	0	0	0	0	0	0	0	0	0	0	0
OLR1	0	0	0	0	1	0	0	0	0	0	0	0	0	0	0	0	0	0	0	0
PLSCR1	0	0	0	0	1	0	0	0	0	0	0	0	0	0	0	0	0	0	0	0
FCGR2A	0	0	0	0	1	0	0	0	0	0	0	0	0	0	0	0	0	0	0	0
ANPEP	0	0	0	0	1	0	0	0	0	0	0	0	0	0	0	0	0	0	0	0
PPBP	0	0	0	0	1	0	0	0	0	0	0	0	0	0	0	0	0	0	0	0
FYB	0	0	0	0	1	0	0	0	0	0	0	0	0	0	0	0	0	0	0	0
CXCL2	0	0	0	0	1	0	0	0	0	0	0	0	0	0	0	0	0	0	0	0
SRGN	0	0	0	0	0	0	0	0	1	0	0	0	0	0	0	0	1	0	0	0
CTSD	0	0	0	1	0	0	0	0	1	0	0	0	0	0	0	0	1	0	0	0
JUNB	0	0	0	1	0	0	0	0	1	0	0	0	0	0	0	0	0	0	0	0
CES1	0	0	0	0	1	0	0	0	1	0	0	0	0	0	0	0	0	0	0	0
RAB31	0	0	0	0	0	0	0	0	1	0	0	0	0	0	0	0	0	0	0	0
SPI1	0	0	0	0	0	0	0	0	1	0	0	0	0	0	0	0	0	0	0	0
SERPINB2	0	0	0	0	0	0	0	0	1	0	0	0	0	0	0	0	0	0	0	0
PRCC	0	0	0	0	0	0	0	0	1	0	0	0	0	0	0	0	0	0	0	0
SMOX	0	0	0	0	0	0	0	0	1	0	0	0	0	0	0	0	0	0	0	0
SLC29A1	0	0	0	0	0	0	0	0	1	0	0	0	0	0	0	0	0	0	0	0
PECAM1	0	0	0	0	0	0	0	0	1	0	0	0	0	0	0	0	0	0	0	0
COL4A2	0	0	0	0	0	0	0	0	1	0	0	0	0	0	0	0	0	0	0	0
FKBP5	0	0	0	0	0	0	0	0	1	0	0	0	0	0	0	0	0	0	0	0
NR2F6	0	0	0	0	0	0	0	0	1	0	0	0	0	0	0	0	0	0	0	0
RNASE3	0	0	0	0	0	0	0	0	1	0	0	0	0	0	0	0	0	0	0	0
GPI	0	0	0	0	0	0	0	0	1	0	0	0	0	0	0	0	0	0	0	0
LYST	0	0	0	0	0	0	0	0	1	0	0	0	0	0	0	0	0	0	0	0
GPNMB	0	0	0	0	0	0	0	0	1	0	0	0	0	0	0	0	0	0	0	0
SLC20A1	0	0	0	0	0	0	0	0	1	0	0	0	0	0	0	0	0	0	0	0
QSOX1	0	0	1	0	0	0	0	0	1	0	0	0	0	0	0	1	0	0	0	0
HOXA10	0	0	0	0	0	0	0	0	0	0	0	0	0	0	0	1	0	0	0	0
TP53INP2	0	0	0	0	0	0	0	0	0	0	0	0	0	0	0	1	0	0	0	0
CDKN2B	0	0	0	0	0	0	0	0	0	0	0	0	0	0	0	1	0	0	0	0
PIGR	0	0	0	0	0	0	0	0	0	0	0	0	0	0	0	1	0	0	0	0
ACTA1	0	0	0	0	0	0	0	0	0	0	0	0	0	0	0	1	0	0	0	0
DSG2	0	0	0	0	0	0	0	0	0	0	0	0	0	0	0	1	0	0	0	0
ALPL	0	0	0	0	0	0	0	0	0	0	0	0	0	0	0	1	0	0	0	0
ALDH1A2	0	0	0	0	0	0	0	0	0	0	0	0	0	0	0	1	0	0	0	0
YWHAG	0	0	0	0	0	0	0	0	0	0	0	0	0	0	0	1	0	0	0	0
PCP4	0	0	0	0	0	0	0	0	0	0	0	0	0	0	0	1	0	0	0	0
FN1	0	0	0	0	0	0	0	0	0	0	0	0	0	0	0	1	0	0	0	0
GJA1	0	0	0	0	0	0	0	0	0	0	0	0	0	0	0	1	0	0	0	0
RRAS	0	0	1	0	0	0	0	0	0	0	0	0	0	0	1	0	0	0	0	0
GZMH	0	0	0	0	0	0	0	0	0	0	0	0	0	0	1	0	0	0	0	0
DDX51	0	0	0	0	0	0	0	0	0	0	0	0	0	0	1	0	0	0	0	0
FCRLA	0	0	0	0	0	0	0	0	0	0	0	0	0	0	1	0	0	0	0	0
MYEF2	0	0	0	0	0	0	0	0	0	0	0	0	0	0	1	0	0	0	0	0
SAMD10	0	0	0	0	0	0	0	0	0	0	0	0	0	0	1	0	0	0	0	0
TIRAP	0	0	0	0	0	0	0	0	0	0	0	0	0	0	1	0	0	0	0	0
TACSTD2	0	0	0	0	0	0	0	0	0	0	0	0	0	0	1	0	0	0	0	0
EDN2	0	0	0	0	0	0	0	0	0	0	0	0	0	0	1	0	0	0	0	0
PPP1CA	0	0	0	0	0	0	0	0	0	0	0	0	0	0	1	0	0	0	0	0
ENPP1	0	0	0	0	0	0	0	0	0	0	0	0	0	0	1	0	0	0	0	0
ATP6V1A	0	0	0	0	0	0	0	0	0	0	0	0	0	0	1	0	0	0	0	0
PRIM2	0	0	0	0	0	0	0	0	0	0	0	0	0	0	1	0	0	0	0	0
CKS1B	0	0	0	0	0	1	1	0	0	0	0	0	0	0	1	0	0	0	0	0
TRIM46	0	0	0	0	0	0	1	0	0	0	0	0	0	0	1	0	0	0	0	0
SHC1	0	0	0	1	0	0	1	0	0	0	0	0	0	0	0	0	0	0	0	0
LENEP	0	0	0	0	0	0	1	0	0	0	0	0	0	0	0	0	0	0	0	0
GBA	0	0	0	0	0	0	1	0	0	0	0	0	0	0	0	0	0	0	0	0
DCST1	0	0	0	0	0	0	1	0	0	0	0	0	0	0	0	0	0	0	0	0
MTX1	0	0	0	0	0	0	1	0	0	0	0	0	0	0	0	0	0	0	0	0
PBXIP1	0	0	0	0	0	0	1	0	0	0	0	0	0	0	0	0	0	0	0	0
THBS3	0	0	0	0	0	0	1	0	0	0	0	0	0	0	0	0	0	0	0	0
ZBTB7B	0	0	0	0	0	0	1	0	0	0	0	0	0	0	0	0	0	0	0	0
FLAD1	0	0	0	0	0	0	1	0	0	0	0	0	0	0	0	0	0	0	0	0
KRTCAP2	0	0	0	0	0	0	1	0	0	0	0	0	0	0	0	0	0	0	0	0
RORC	0	0	0	0	0	0	1	0	0	0	0	0	0	0	0	0	0	0	0	0
OAZ3	0	0	0	0	0	0	1	0	0	0	0	0	0	0	0	0	0	0	0	0
THEM4	0	0	0	0	0	0	1	0	0	0	0	0	0	0	0	0	0	0	0	0
THEM5	0	0	0	0	0	0	1	0	0	0	0	0	0	0	0	0	0	0	0	0
PMVK	0	0	0	0	0	0	1	0	0	0	0	0	0	0	0	0	0	0	0	0
TDRKH	0	0	0	0	0	0	1	0	0	0	0	0	0	0	0	0	0	0	0	0
EFNA4	0	0	0	0	0	0	1	0	0	0	0	0	0	0	0	0	0	0	0	0
DCST2	0	0	0	0	0	0	1	0	0	0	0	0	0	0	0	0	0	0	0	0
EFNA1	0	0	0	0	0	0	1	0	0	0	0	0	0	0	0	0	0	0	0	0
SLC50A1	0	0	0	0	0	0	1	0	0	0	0	0	0	0	0	0	0	0	0	0
DPM3	0	0	0	0	0	0	1	0	0	0	0	0	0	0	0	0	0	0	0	0
PYGO2	0	0	0	0	0	0	1	0	0	0	0	0	0	0	0	0	0	0	0	0
RUSC1-AS1	0	0	0	0	0	0	1	0	0	0	0	0	0	0	0	0	0	0	0	0
MUC1	0	0	0	0	0	0	1	0	0	0	0	0	0	0	0	0	0	0	0	0
MCL1	0	0	0	1	0	0	0	0	0	0	0	0	0	0	0	0	1	0	0	0
AIF1	0	0	1	1	0	0	0	0	0	0	0	0	0	0	0	0	0	0	0	0
LCP2	0	0	1	1	0	0	0	0	0	0	0	0	0	0	0	0	0	0	0	0
PTPRC	0	0	1	1	0	0	0	0	0	0	0	0	0	0	0	0	0	0	0	0
S100A11	0	0	1	1	0	0	0	0	0	0	0	0	0	0	0	0	0	0	0	0
YES1	0	0	0	1	0	0	0	0	0	0	0	0	0	0	0	0	0	0	0	0
RAC2	0	0	0	1	0	0	0	0	0	0	0	0	0	0	0	0	0	0	0	0
SAMSN1	0	0	0	1	0	0	0	0	0	0	0	0	0	0	0	0	0	0	0	0
LYL1	0	0	0	1	0	0	0	0	0	0	0	0	0	0	0	0	0	0	0	0
TMEM110	0	0	0	1	0	0	0	0	0	0	0	0	0	0	0	0	0	0	0	0
ITFG2	0	0	0	1	0	0	0	0	0	0	0	0	0	0	0	0	0	0	0	0
ARL4A	0	0	0	1	0	0	0	0	0	0	0	0	0	0	0	0	0	0	0	0
KRT8	0	0	0	1	0	0	0	0	0	0	0	0	0	0	0	0	0	0	0	0
FADS1	0	0	0	1	0	0	0	0	0	0	0	0	0	0	0	0	0	0	0	0
TNNT1	0	0	0	1	0	0	0	0	0	0	0	0	0	0	0	0	0	0	0	0
SLCO2B1	0	0	0	1	0	0	0	0	0	0	0	0	0	0	0	0	0	0	0	0
RHOG	0	0	0	1	0	0	0	0	0	0	0	0	0	0	0	0	0	0	0	0
ARHGEF2	0	0	0	1	0	0	0	0	0	0	0	0	0	0	0	0	0	0	0	0
ACRV1	0	0	0	1	0	0	0	0	0	0	0	0	0	0	0	0	0	0	0	0
ID1	0	0	0	1	0	0	0	0	0	0	0	0	0	0	0	0	0	0	0	0
KLF6	0	0	0	1	0	0	0	0	0	0	0	0	0	0	0	0	0	0	0	0
CAP1	0	0	0	1	0	0	0	0	0	0	0	0	0	0	0	0	0	0	0	0
AKR1C2	0	0	0	1	0	0	0	0	0	0	0	0	0	0	0	0	0	0	0	0
SNCG	0	0	0	1	0	0	0	0	0	0	0	0	0	0	0	0	0	0	0	0
ESYT1	0	0	0	1	0	0	0	0	0	0	0	0	0	0	0	0	0	0	0	0
ESR1	0	0	0	1	0	0	0	0	0	0	0	0	0	0	0	0	0	0	0	0
PIM1	0	0	0	1	0	0	0	0	0	0	0	0	0	0	0	0	0	0	0	0
CALB1	0	0	0	1	0	0	0	0	0	0	0	0	0	0	0	0	0	0	0	0
TNFAIP8	0	0	0	1	0	0	0	0	0	0	0	0	0	0	0	0	0	0	0	0
SELENBP1	0	0	0	1	0	0	0	0	0	0	0	0	0	0	0	0	0	0	0	0
NFE2	0	0	0	1	0	0	0	0	0	0	0	0	0	0	0	0	0	0	0	0
ADAMTSL4	0	0	0	1	0	0	0	0	0	0	0	0	0	0	0	0	0	0	0	0
BCAM	0	0	0	1	0	0	0	0	0	0	0	0	0	0	0	0	0	0	0	0
GPR56	0	0	0	1	0	0	0	0	0	0	0	0	0	0	0	0	0	0	0	0
KCNH2	0	0	0	1	0	0	0	0	0	0	0	0	0	0	0	0	0	0	0	0
RIT1	0	0	0	1	0	0	0	0	0	0	0	0	0	0	0	0	0	0	0	0
SLC2A3	0	0	0	1	0	0	0	0	0	0	0	0	0	0	0	0	0	0	0	0
MCM4	0	1	1	0	0	0	0	0	0	0	0	0	0	0	0	0	0	0	0	0
BIRC5	1	1	1	0	0	0	0	0	0	0	0	0	0	0	0	0	0	0	0	0
SIRPA	1	0	1	0	0	0	0	0	1	0	0	0	0	0	0	0	0	0	0	0
PLK1	1	0	1	0	0	0	0	0	0	0	0	0	0	0	0	0	0	0	0	0
FPR1	1	0	1	0	0	0	0	0	0	0	0	0	0	0	0	0	0	0	0	0
C1QA	1	0	1	0	0	0	0	0	0	0	0	0	0	0	0	0	0	0	0	0
SAMHD1	1	0	1	0	0	0	0	0	0	0	0	0	0	0	0	0	0	0	0	0
CD68	1	0	1	0	0	0	0	0	0	0	0	0	0	0	0	0	0	0	0	0
MPEG1	0	0	1	0	0	1	0	0	0	0	0	0	0	0	0	0	0	0	0	0
TAP1	0	0	1	0	0	0	0	0	0	0	1	0	0	0	0	0	0	0	0	0
RBM3	0	0	1	0	0	0	0	0	0	0	0	0	0	0	0	0	0	0	0	0
LITAF	0	0	1	0	0	0	0	0	0	0	0	0	0	0	0	0	0	0	0	0
MMP12	0	0	1	0	0	0	0	0	0	0	0	0	0	0	0	0	0	0	0	0
NOP2	0	0	1	0	0	0	0	0	0	0	0	0	0	0	0	0	0	0	0	0
CYP26A1	0	0	1	0	0	0	0	0	0	0	0	0	0	0	0	0	0	0	0	0
MT1A	0	0	1	0	0	0	0	0	0	0	0	0	0	0	0	0	0	0	0	0
WARS	0	0	1	0	0	0	0	0	0	0	0	0	0	0	0	0	0	0	0	0
SHISA5	0	0	1	0	0	0	0	0	0	0	0	0	0	0	0	0	0	0	0	0
TMSB4X	0	0	1	0	0	0	0	0	0	0	0	0	0	0	0	0	0	0	0	0
VCAM1	0	0	1	0	0	0	0	0	0	0	0	0	0	0	0	0	0	0	0	0
TYROBP	0	0	1	0	0	0	0	0	0	0	0	0	0	0	0	0	0	0	0	0
SH3GL1	0	0	1	0	0	0	0	0	0	0	0	0	0	0	0	0	0	0	0	0
ATP1B3	0	0	1	0	0	0	0	0	0	0	0	0	0	0	0	0	0	0	0	0
C1QB	0	0	1	0	0	0	0	0	0	0	0	0	0	0	0	0	0	0	0	0
NFKBIZ	0	0	1	0	0	0	0	0	0	0	0	0	0	0	0	0	0	0	0	0
GBP4	0	0	1	0	0	0	0	0	0	0	0	0	0	0	0	0	0	0	0	0
HLA-DQA1	0	0	1	0	0	0	0	0	0	0	0	0	0	0	0	0	0	0	0	0
SNX10	0	0	1	0	0	0	0	0	0	0	0	0	0	0	0	0	0	0	0	0
CD52	0	0	1	0	0	0	0	0	0	0	0	0	0	0	0	0	0	0	0	0
CCL2	0	0	1	0	0	0	0	0	0	0	0	0	0	0	0	0	0	0	0	0
CTSS	0	0	1	0	0	0	0	0	0	0	0	0	0	0	0	0	0	0	0	0
C1QC	0	0	1	0	0	0	0	0	0	0	0	0	0	0	0	0	0	0	0	0
UBD	0	0	1	0	0	0	0	0	0	0	0	0	0	0	0	0	0	0	0	0
CXCL9	0	0	1	0	0	0	0	0	0	0	0	0	0	0	0	0	0	0	0	0
DCLRE1A	0	0	1	0	0	0	0	0	0	0	0	0	0	0	0	0	0	0	0	0
NNMT	0	0	1	0	0	0	0	0	0	0	0	0	0	0	0	0	0	0	0	0
STX3	0	0	1	0	0	0	0	0	0	0	0	0	0	0	0	0	0	0	0	0
STAT1	0	0	1	0	0	0	0	0	0	0	0	0	0	0	0	0	0	0	0	0
SCD	0	0	1	0	0	0	0	0	0	0	0	0	0	0	0	0	0	0	0	0
GBP1	0	0	1	0	0	0	0	0	0	0	0	0	0	0	0	0	0	0	0	0
LAPTM5	0	0	1	0	0	0	0	0	0	0	0	0	0	0	0	0	0	0	0	0
MSR1	0	0	1	0	0	0	0	0	0	0	0	0	0	0	0	0	0	0	0	0
CTSC	0	0	1	0	0	0	0	0	0	0	0	0	0	0	0	0	0	0	0	0
UBOX5	0	0	0	0	0	0	0	1	0	0	0	0	0	0	0	0	0	0	0	0
FASN	0	0	0	0	0	0	0	1	0	0	0	0	0	0	0	0	0	0	0	0
LAMA5	0	0	0	0	0	0	0	1	0	0	0	0	0	0	0	0	0	0	0	0
LMO2	0	0	0	0	0	0	0	1	0	0	0	0	0	0	0	0	0	0	0	0
MAPK14	0	0	0	0	0	0	0	1	0	0	0	0	0	0	0	0	0	0	0	0
DOK4	0	0	0	0	0	0	0	1	0	0	0	0	0	0	0	0	0	0	0	0
CDC25B	0	0	0	0	0	0	0	1	0	0	0	0	0	0	0	0	0	0	0	0
CBX6	0	0	0	0	0	0	0	1	0	0	0	0	0	0	0	0	0	0	0	0
MKNK2	0	0	0	0	0	0	0	1	0	0	0	0	0	0	0	0	0	0	0	0
STMN1	0	0	0	0	0	0	0	1	0	0	0	0	0	0	0	0	0	0	0	0
EI24	0	0	0	0	0	0	0	1	0	0	0	0	0	0	0	0	0	0	0	0
ABCG1	0	0	0	0	0	0	0	1	0	0	0	0	0	0	0	0	0	0	0	0
NDE1	0	0	0	0	0	0	0	1	0	0	0	0	0	0	0	0	0	0	0	0
EIF2AK2	0	0	0	0	0	0	0	1	0	0	0	0	0	0	0	0	0	0	0	0
PPARGC1B	0	0	0	0	0	0	0	1	0	0	0	0	0	0	0	0	0	0	0	0
TRIM8	0	0	0	0	0	0	0	1	0	0	0	0	0	0	0	0	0	0	0	0
CHEK2	0	0	0	0	0	0	0	1	0	0	0	0	0	0	0	0	0	0	0	0
CDKN2C	0	0	0	0	0	0	0	1	0	0	0	0	0	0	0	0	0	0	0	0
NAV1	0	0	0	0	0	0	0	1	0	0	0	0	0	0	0	0	0	0	0	0
MAFB	1	0	0	0	0	0	0	1	0	0	0	0	0	0	0	0	0	0	0	0
CENPA	1	0	0	0	0	0	0	1	0	0	0	0	0	0	0	0	0	0	0	0
GAD1	0	0	0	0	0	0	0	0	0	0	0	0	0	1	0	0	0	0	0	0
DDIT4	0	0	0	0	0	0	0	0	0	0	0	0	0	1	0	0	0	0	0	0
L1CAM	0	0	0	0	0	0	0	0	0	0	0	0	0	1	0	0	0	0	0	0
CDH4	0	0	0	0	0	0	0	0	0	0	0	0	0	1	0	0	0	0	0	0
MMP1	0	0	0	0	0	0	0	0	0	0	0	0	0	1	0	0	0	0	0	0
UBXN7	0	0	0	0	0	0	0	0	0	0	0	0	0	1	0	0	0	0	0	0
IL11	0	0	0	0	0	0	0	0	0	0	0	0	0	1	0	0	0	0	0	0
TGFA	0	0	0	0	0	0	0	0	0	0	0	0	0	1	0	0	0	0	0	0
QPCT	0	0	0	0	0	0	0	0	0	0	0	0	0	1	0	0	0	0	0	0
INSIG1	0	0	0	0	0	0	0	0	0	0	0	0	0	1	0	0	0	0	0	0
SLC19A2	0	0	0	0	0	0	0	0	0	0	0	0	0	1	0	0	0	0	0	0
IL1A	0	0	0	0	0	0	0	0	0	0	0	0	0	1	0	0	0	0	0	0
FKBP9	0	0	0	0	0	0	0	0	0	0	0	0	0	1	0	0	0	0	0	0
CST6	0	0	0	0	0	0	0	0	0	0	0	0	0	1	0	0	0	0	0	0
COL8A1	0	0	0	0	0	0	0	0	0	0	0	0	0	1	0	0	0	0	0	0
MARCKS	0	0	0	0	0	0	0	1	0	0	1	0	0	0	0	0	0	0	0	0
RELB	0	0	0	0	0	0	0	0	0	0	1	0	0	0	0	0	0	0	0	0
CFLAR	0	0	0	0	0	0	0	0	0	0	1	0	0	0	0	0	0	0	0	0
TRAF1	0	0	0	0	0	0	0	0	0	0	1	0	0	0	0	0	0	0	0	0
TNFRSF9	0	0	0	0	0	0	0	0	0	0	1	0	0	0	0	0	0	0	0	0
SLAMF1	0	0	0	0	0	0	0	0	0	0	1	0	0	0	0	0	0	0	0	0
IL15RA	0	0	0	0	0	0	0	0	0	0	1	0	0	0	0	0	0	0	0	0
LAMP3	0	0	0	0	0	0	0	0	0	0	1	0	0	0	0	0	0	0	0	0
NR4A3	0	0	0	0	0	0	0	0	0	0	1	0	0	0	0	0	0	0	0	0
REL	0	0	0	0	0	0	0	0	0	0	1	0	0	0	0	0	0	0	0	0
ZNF267	0	0	0	0	0	0	0	0	0	0	1	0	0	0	0	0	0	0	0	0
BIRC3	0	0	0	0	0	0	0	0	0	0	1	0	0	0	0	0	0	0	0	0
KLF5	0	0	0	0	0	0	0	0	0	0	1	0	0	0	0	0	0	0	0	0
CD80	0	0	0	0	0	0	0	0	0	0	1	0	0	0	0	0	0	0	0	0
PDGFA	0	0	0	0	0	0	0	0	0	0	1	0	0	0	0	0	0	0	0	0
IL2RA	0	0	0	0	0	0	0	0	0	0	1	0	0	0	0	0	0	0	0	0
MAFF	0	0	0	0	0	0	0	0	0	0	1	0	0	0	0	0	0	0	0	0
IL7R	0	0	0	0	0	0	0	0	0	0	1	0	0	0	0	0	0	0	0	0
TNFAIP3	0	0	0	0	0	0	0	0	0	0	1	0	0	0	0	0	0	0	0	0
LYN	0	0	0	0	0	0	0	0	0	0	1	0	0	0	0	0	1	0	0	0
STOM	0	0	0	0	0	0	0	0	0	0	0	0	0	0	0	0	1	0	0	0
ZYX	0	0	0	0	0	0	0	0	0	0	0	0	0	0	0	0	1	0	0	0
ITGAX	0	0	0	0	0	0	0	0	0	0	0	0	0	0	0	0	1	0	0	0
HOXA9	0	0	0	0	0	0	0	0	0	0	0	0	0	0	0	0	1	0	0	0
CST3	0	0	0	0	0	0	0	0	0	0	0	0	0	0	0	0	1	0	0	0
CFD	0	0	0	0	0	0	0	0	0	0	0	0	0	0	0	0	1	0	0	0
AP1S1	1	0	0	0	0	0	0	0	0	0	0	0	0	0	0	0	0	0	1	0
AP2M1	0	0	0	0	0	0	0	0	0	0	0	0	0	0	0	0	0	0	1	0
HCK	0	0	0	0	0	0	0	0	0	0	0	0	0	0	0	0	0	0	1	0
AP1M2	0	0	0	0	0	0	0	0	0	0	0	0	0	0	0	0	0	0	1	0
CD4	0	0	0	0	0	0	0	0	0	0	0	0	0	0	0	0	0	0	1	0
PACS1	0	0	0	0	0	0	0	0	0	0	0	0	0	0	0	0	0	0	1	0
B2M	0	0	0	0	0	0	0	0	0	0	0	0	0	0	0	0	0	0	1	0
CD28	0	0	0	0	0	0	0	0	0	0	0	0	0	0	0	0	0	0	1	0
RAC1	0	0	0	0	0	0	0	0	0	0	0	0	0	0	0	0	0	0	1	0
ELMO1	0	0	0	0	0	0	0	0	0	0	0	0	0	0	0	0	0	0	1	0
AP1S2	0	0	0	0	0	0	0	0	0	0	0	0	0	0	0	0	0	0	1	0
CDK4	0	0	0	0	0	0	0	0	0	0	0	0	0	0	0	0	0	0	0	1
VCL	0	0	0	0	0	0	0	0	0	0	0	0	0	0	0	0	0	0	0	1
PDCD2	0	0	0	0	0	0	0	0	0	0	0	0	0	0	0	0	0	0	0	1
IFNAR2	0	0	0	0	0	0	0	0	0	0	0	0	0	0	0	0	0	0	0	1
DAD1	0	0	0	0	0	0	0	0	0	0	0	0	0	0	0	0	0	0	0	1
IFITM1	0	0	0	0	0	0	0	0	0	0	0	0	0	0	0	0	0	0	0	1
TWF1	0	0	0	0	0	0	0	0	0	0	0	0	0	0	0	0	0	0	0	1
TYMS	1	0	0	0	0	0	0	0	0	0	0	0	0	0	0	0	0	0	0	1
CDKN3	1	0	0	0	0	0	0	0	0	0	0	0	0	0	0	0	0	0	0	1
LMNB1	1	0	0	0	0	1	0	0	0	0	0	0	0	0	0	0	0	1	0	0
RAD51	1	0	0	0	0	1	0	0	0	0	0	0	0	0	0	0	0	0	0	0
CCNB2	1	0	0	0	0	1	0	0	0	0	0	0	0	0	0	0	0	0	0	0
TOP2A	1	0	0	0	0	1	0	0	0	0	0	0	0	0	0	0	0	0	0	0
HMMR	1	0	0	0	0	1	0	0	0	0	0	0	0	0	0	0	0	0	0	0
E2F1	1	0	0	0	0	0	0	0	0	0	0	0	1	0	0	0	0	0	0	0
KIAA0101	1	0	0	0	0	0	0	0	0	1	0	0	0	0	0	0	0	0	0	0
CDCA8	1	0	0	0	0	0	0	0	0	0	0	0	0	0	0	0	0	1	0	0
CDC25C	1	0	0	0	0	0	0	0	0	0	0	0	0	0	0	0	0	1	0	0
IFI30	1	0	0	0	0	0	0	0	1	0	0	0	0	0	0	0	0	0	0	0
MNDA	1	0	0	0	0	0	0	0	1	0	0	0	0	0	0	0	0	0	0	0
TUBB2B	1	0	0	0	0	0	0	0	0	0	0	0	0	0	0	0	0	0	0	0
OR2F2	1	0	0	0	0	0	0	0	0	0	0	0	0	0	0	0	0	0	0	0
HCAR3	1	0	0	0	0	0	0	0	0	0	0	0	0	0	0	0	0	0	0	0
NCF2	1	0	0	0	0	0	0	0	0	0	0	0	0	0	0	0	0	0	0	0
IL1B	1	0	0	0	0	0	0	0	0	0	0	0	0	0	0	0	0	0	0	0
NCAPG	1	0	0	0	0	0	0	0	0	0	0	0	0	0	0	0	0	0	0	0
SMC1A	1	0	0	0	0	0	0	0	0	0	0	0	0	0	0	0	0	0	0	0
E2F8	1	0	0	0	0	0	0	0	0	0	0	0	0	0	0	0	0	0	0	0
DMXL2	1	0	0	0	0	0	0	0	0	0	0	0	0	0	0	0	0	0	0	0
CHST15	1	0	0	0	0	0	0	0	0	0	0	0	0	0	0	0	0	0	0	0
KIF18B	1	0	0	0	0	0	0	0	0	0	0	0	0	0	0	0	0	0	0	0
CD38	1	0	0	0	0	0	0	0	0	0	0	0	0	0	0	0	0	0	0	0
PRUNE	1	0	0	0	0	0	0	0	0	0	0	0	0	0	0	0	0	0	0	0
HIST1H4G	1	0	0	0	0	0	0	0	0	0	0	0	0	0	0	0	0	0	0	0
COCH	1	0	0	0	0	0	0	0	0	0	0	0	0	0	0	0	0	0	0	0
ESPL1	1	0	0	0	0	0	0	0	0	0	0	0	0	0	0	0	0	0	0	0
PPP1R12B	1	0	0	0	0	0	0	0	0	0	0	0	0	0	0	0	0	0	0	0
PRDM1	1	0	0	0	0	0	0	0	0	0	0	0	0	0	0	0	0	0	0	0
ORC1	1	0	0	0	0	0	0	0	0	0	0	0	0	0	0	0	0	0	0	0
HPSE	1	0	0	0	0	0	0	0	0	0	0	0	0	0	0	0	0	0	0	0
IGSF6	1	0	0	0	0	0	0	0	0	0	0	0	0	0	0	0	0	0	0	0
CLEC5A	1	0	0	0	0	0	0	0	0	0	0	0	0	0	0	0	0	0	0	0
SECTM1	1	0	0	0	0	0	0	0	0	0	0	0	0	0	0	0	0	0	0	0
VDR	1	0	0	0	0	0	0	0	0	0	0	0	0	0	0	0	0	0	0	0
MS4A6A	1	0	0	0	0	0	0	0	0	0	0	0	0	0	0	0	0	0	0	0
CD86	1	0	0	0	0	0	0	0	0	0	0	0	0	0	0	0	0	0	0	0
ADAP2	1	0	0	0	0	0	0	0	0	0	0	0	0	0	0	0	0	0	0	0
MS4A4A	1	0	0	0	0	0	0	0	0	0	0	0	0	0	0	0	0	0	0	0
SCNN1A	1	0	0	0	0	0	0	0	0	0	0	0	0	0	0	0	0	0	0	0
ELL2	1	0	0	0	0	0	0	0	0	0	0	0	0	0	0	0	0	0	0	0
ALPPL2	1	0	0	0	0	0	0	0	0	0	0	0	0	0	0	0	0	0	0	0
CYP1B1	1	0	0	0	0	0	0	0	0	0	0	0	0	0	0	0	0	0	0	0
GALNT12	1	0	0	0	0	0	0	0	0	0	0	0	0	0	0	0	0	0	0	0
STX11	1	0	0	0	0	0	0	0	0	0	0	0	0	0	0	0	0	0	0	0
LAMA4	1	0	0	0	0	0	0	0	0	0	0	0	0	0	0	0	0	0	0	0
GPR65	1	0	0	0	0	0	0	0	0	0	0	0	0	0	0	0	0	0	0	0
SMC2	1	0	0	0	0	0	0	0	0	0	0	0	0	0	0	0	0	0	0	0
ZWINT	1	0	0	0	0	0	0	0	0	0	0	0	0	0	0	0	0	0	0	0
ASF1B	1	0	0	0	0	0	0	0	0	0	0	0	0	0	0	0	0	0	0	0
KLK6	1	0	0	0	0	0	0	0	0	0	0	0	0	0	0	0	0	0	0	0
KIF20A	1	0	0	0	0	0	0	0	0	0	0	0	0	0	0	0	0	0	0	0
LILRA6	1	0	0	0	0	0	0	0	0	0	0	0	0	0	0	0	0	0	0	0
ZNF589	1	0	0	0	0	0	0	0	0	0	0	0	0	0	0	0	0	0	0	0
LRP2	1	0	0	0	0	0	0	0	0	0	0	0	0	0	0	0	0	0	0	0
PTGER3	1	0	0	0	0	0	0	0	0	0	0	0	0	0	0	0	0	0	0	0
VCAN	1	0	0	0	0	0	0	0	0	0	0	0	0	0	0	0	0	0	0	0
BUB1	1	0	0	0	0	0	0	0	0	0	0	0	0	0	0	0	0	0	0	0
RNASE2	1	0	0	0	0	0	0	0	0	0	0	0	0	0	0	0	0	0	0	0
BUB1B	1	0	0	0	0	0	0	0	0	0	0	0	0	0	0	0	0	0	0	0
HIST1H3B	1	0	0	0	0	0	0	0	0	0	0	0	0	0	0	0	0	0	0	0
NUSAP1	1	0	0	0	0	0	0	0	0	0	0	0	0	0	0	0	0	0	0	0
LBR	0	0	0	0	0	0	0	0	0	1	0	0	0	0	0	0	0	1	0	0
BAIAP2L1	0	0	0	0	0	0	0	0	0	1	0	0	0	0	0	0	0	1	0	0
UBE2C	0	0	0	0	0	1	0	0	0	1	0	0	0	0	0	0	0	0	0	0
HIST1H1C	0	0	0	0	0	0	0	0	0	1	0	0	0	0	0	0	0	0	0	0
MAD2L1	0	0	0	0	0	0	0	0	0	1	0	0	0	0	0	0	0	0	0	0
TIMP3	0	0	0	0	0	0	0	0	0	1	0	0	0	0	0	0	0	0	0	0
HIST1H2BN	0	0	0	0	0	0	0	0	0	1	0	0	0	0	0	0	0	0	0	0
MT1F	0	0	0	0	0	0	0	0	0	1	0	0	0	0	0	0	0	0	0	0
MAL2	0	0	0	0	0	0	0	0	0	1	0	0	0	0	0	0	0	0	0	0
E2F3	0	0	0	0	0	0	0	0	0	1	0	0	0	0	0	0	0	0	0	0
MT1X	0	0	0	0	0	0	0	0	0	1	0	0	0	0	0	0	0	0	0	0
CD9	0	0	0	0	0	0	0	0	0	1	0	0	0	0	0	0	0	0	0	0
INHBA	0	0	0	0	0	0	0	0	0	1	0	0	0	0	0	0	0	0	0	0
HIST1H2BJ	0	0	0	0	0	0	0	0	0	1	0	0	0	0	0	0	0	0	0	0
HIST3H2A	0	0	0	0	0	0	0	0	0	1	0	0	0	0	0	0	0	0	0	0
IGF2	0	0	0	0	0	0	0	0	0	1	0	0	0	0	0	0	0	0	0	0
PTTG1	0	0	0	0	0	0	0	0	0	1	0	0	0	0	0	0	0	0	0	0
THBD	0	0	0	0	0	0	0	0	0	1	0	0	0	0	0	0	0	0	0	0
GZMA	0	0	0	0	0	1	0	0	0	0	0	0	1	0	0	0	0	0	0	0
FCER1G	0	0	0	0	1	1	0	0	0	0	0	0	0	0	0	0	0	0	0	0
EMP1	0	0	0	0	1	1	0	0	0	0	0	0	0	0	0	0	0	0	0	0
RACGAP1	0	0	0	0	0	1	0	1	0	0	0	0	0	0	0	0	0	0	0	0
SQLE	0	0	0	0	0	1	0	0	0	0	0	0	0	0	0	0	0	0	0	0
MTHFD2	0	0	0	0	0	1	0	0	0	0	0	0	0	0	0	0	0	0	0	0
ACTN4	0	0	0	0	0	1	0	0	0	0	0	0	0	0	0	0	0	0	0	0
ANP32E	0	0	0	0	0	1	0	0	0	0	0	0	0	0	0	0	0	0	0	0
MCM6	0	0	0	0	0	1	0	0	0	0	0	0	0	0	0	0	0	0	0	0
MGST2	0	0	0	0	0	1	0	0	0	0	0	0	0	0	0	0	0	0	0	0
MCM7	0	0	0	0	0	1	0	0	0	0	0	0	0	0	0	0	0	0	0	0
ENPEP	0	0	0	0	0	1	0	0	0	0	0	0	0	0	0	0	0	0	0	0
CDCA7	0	0	0	0	0	1	0	0	0	0	0	0	0	0	0	0	0	0	0	0
SMC4	0	0	0	0	0	1	0	0	0	0	0	0	0	0	0	0	0	0	0	0
LEF1	0	0	0	0	0	1	0	0	0	0	0	0	0	0	0	0	0	0	0	0
NCAPH	0	0	0	0	0	1	0	0	0	0	0	0	0	0	0	0	0	0	0	0
AURKA	0	0	0	0	0	1	0	0	0	0	0	0	0	0	0	0	0	0	0	0
DTL	0	0	0	0	0	1	0	0	0	0	0	0	0	0	0	0	0	0	0	0
PRR11	0	1	0	0	0	0	0	0	0	0	0	0	0	0	0	0	0	1	0	0
POP7	0	0	0	0	0	0	0	0	0	0	0	0	0	0	0	0	0	1	0	0
XPO4	0	0	0	0	0	0	0	0	0	0	0	0	0	0	0	0	0	1	0	0
CAMK2N1	0	0	0	0	0	0	0	0	0	0	0	0	0	0	0	0	0	1	0	0
MND1	0	0	0	0	0	0	0	0	0	0	0	0	0	0	0	0	0	1	0	0
SKA3	0	0	0	0	0	0	0	0	0	0	0	0	0	0	0	0	0	1	0	0
RAD51AP1	0	0	0	0	0	0	0	0	0	0	0	0	0	0	0	0	0	1	0	0
MELK	1	1	0	0	0	1	0	0	0	0	0	0	0	0	0	0	0	0	0	0
CDCA3	0	1	0	0	0	1	0	0	0	0	0	0	0	0	0	0	0	0	0	0
PSAT1	0	1	0	0	0	1	0	0	0	0	0	0	0	0	0	0	0	0	0	0
TTK	0	1	0	0	0	1	0	0	0	0	0	0	0	0	0	0	0	0	0	0
MKI67	0	1	0	0	0	1	0	0	0	0	0	0	0	0	0	0	0	0	0	0
PRC1	0	1	0	0	0	1	0	0	0	0	0	0	0	0	0	0	0	0	0	0
IGFBP2	1	1	0	0	0	0	0	0	0	0	0	0	0	0	0	0	0	0	0	0
CDC6	1	1	0	0	0	0	0	0	0	0	0	0	0	0	0	0	0	0	0	0
GINS2	1	1	0	0	0	0	0	0	0	0	0	0	0	0	0	0	0	0	0	0
C3	0	1	0	0	1	0	0	0	0	0	0	0	0	0	0	0	0	0	0	0
SLC2A5	0	1	0	0	0	0	0	0	0	0	0	0	0	0	0	0	0	0	0	1
TPX2	0	1	0	0	0	0	0	0	0	1	0	0	0	0	0	0	0	0	0	0
AQP3	0	1	0	1	0	0	0	0	0	0	0	0	0	0	0	0	0	0	0	0
SLC29A2	0	1	0	0	0	0	0	0	0	0	0	0	0	0	0	0	0	0	0	0
POU3F3	0	1	0	0	0	0	0	0	0	0	0	0	0	0	0	0	0	0	0	0
DNMT1	0	1	0	0	0	0	0	0	0	0	0	0	0	0	0	0	0	0	0	0
SEPT6	0	1	0	0	0	0	0	0	0	0	0	0	0	0	0	0	0	0	0	0
APOE	0	1	0	0	0	0	0	0	0	0	0	0	0	0	0	0	0	0	0	0
LYZL6	0	1	0	0	0	0	0	0	0	0	0	0	0	0	0	0	0	0	0	0
COL1A1	0	1	0	0	0	0	0	0	0	0	0	0	0	0	0	0	0	0	0	0
PCK1	0	1	0	0	0	0	0	0	0	0	0	0	0	0	0	0	0	0	0	0
KAL1	0	1	0	0	0	0	0	0	0	0	0	0	0	0	0	0	0	0	0	0
TSPAN2	0	1	0	0	0	0	0	0	0	0	0	0	0	0	0	0	0	0	0	0
OTP	0	1	0	0	0	0	0	0	0	0	0	0	0	0	0	0	0	0	0	0
GMNN	0	1	0	0	0	0	0	0	0	0	0	0	0	0	0	0	0	0	0	0
SFRP1	0	1	0	0	0	0	0	0	0	0	0	0	0	0	0	0	0	0	0	0
MDK	0	1	0	0	0	0	0	0	0	0	0	0	0	0	0	0	0	0	0	0
DLX2	0	1	0	0	0	0	0	0	0	0	0	0	0	0	0	0	0	0	0	0
CDCA2	0	1	0	0	0	0	0	0	0	0	0	0	0	0	0	0	0	0	0	0
CDK2	0	1	0	0	0	0	0	0	0	0	0	0	0	0	0	0	0	0	0	0
MGAT4B	0	1	0	0	0	0	0	0	0	0	0	0	0	0	0	0	0	0	0	0
UCP2	0	1	0	0	0	0	0	0	0	0	0	0	0	0	0	0	0	0	0	0
AQP1	0	1	0	0	0	0	0	0	0	0	0	0	0	0	0	0	0	0	0	0
DRAP1	0	1	0	0	0	0	0	0	0	0	0	0	0	0	0	0	0	0	0	0
ARID5B	0	1	0	0	0	0	0	0	0	0	0	0	0	0	0	0	0	0	0	0
FOXM1	0	1	0	0	0	0	0	0	0	0	0	0	0	0	0	0	0	0	0	0
PVALB	0	1	0	0	0	0	0	0	0	0	0	0	0	0	0	0	0	0	0	0
IQGAP3	0	1	0	0	0	0	0	0	0	0	0	0	0	0	0	0	0	0	0	0
GCH1	0	1	0	0	0	0	0	0	0	0	0	0	0	0	0	0	0	0	0	0
RGS4	0	1	0	0	0	0	0	0	0	0	0	0	0	0	0	0	0	0	0	0
AEBP1	0	1	0	0	0	0	0	0	0	0	0	0	0	0	0	0	0	0	0	0
FBXO5	0	1	0	0	0	0	0	0	0	0	0	0	0	0	0	0	0	0	0	0
PMP22	0	1	0	0	0	0	0	0	0	0	0	0	0	0	0	0	0	0	0	0
PRIM1	0	1	0	0	0	0	0	0	0	0	0	0	0	0	0	0	0	0	0	0
DLGAP5	0	1	0	0	0	0	0	0	0	0	0	0	0	0	0	0	0	0	0	0
SULF1	0	1	0	0	0	0	0	0	0	0	0	0	0	0	0	0	0	0	0	0
PTPN22	0	1	0	0	0	0	0	0	0	0	0	0	0	0	0	0	0	0	0	0
MCM3	0	1	0	0	0	0	0	0	0	0	0	0	0	0	0	0	0	0	0	0
SLC4A2	0	1	0	0	0	0	0	0	0	0	0	0	0	0	0	0	0	0	0	0
HELLS	0	1	0	0	0	0	0	0	0	0	0	0	0	0	0	0	0	0	0	0
MASTL	0	1	0	0	0	0	0	0	0	0	0	0	0	0	0	0	0	0	0	0
CKAP2	0	1	0	0	0	0	0	0	0	0	0	0	0	0	0	0	0	0	0	0
WDR76	0	1	0	0	0	0	0	0	0	0	0	0	0	0	0	0	0	0	0	0
KIF11	0	1	0	0	0	0	0	0	0	0	0	0	0	0	0	0	0	0	0	0
RGS2	0	1	0	0	0	0	0	0	0	0	0	0	0	0	0	0	0	0	0	0
ASPM	0	1	0	0	0	0	0	0	0	0	0	0	0	0	0	0	0	0	0	0
ANLN	0	1	0	0	0	0	0	0	0	0	0	0	0	0	0	0	0	0	0	0
KIF14	0	1	0	0	0	0	0	0	0	0	0	0	0	0	0	0	0	0	0	0
CFB	0	1	0	0	0	0	0	0	0	0	0	0	0	0	0	0	0	0	0	0
LHX1	0	1	0	0	0	0	0	0	0	0	0	0	0	0	0	0	0	0	0	0
GINS1	0	1	0	0	0	0	0	0	0	0	0	0	0	0	0	0	0	0	0	0
CXCR4	0	0	0	0	0	0	0	0	0	0	1	1	1	1	0	0	0	0	0	0
CCL5	1	0	1	0	0	0	0	0	0	0	0	1	1	0	0	0	0	0	0	0
SLFN12L	0	0	1	0	0	0	0	0	0	0	0	1	1	0	0	0	0	0	0	0
RBL1	0	0	0	0	0	0	0	0	0	0	0	1	1	0	0	0	0	0	0	0
FFAR2	0	0	0	0	0	0	0	0	0	0	0	1	1	0	0	0	0	0	0	0
PARP1	0	0	0	0	0	0	0	0	0	0	0	1	1	0	0	0	0	0	0	0
RUNX2	0	0	0	0	0	0	0	0	0	0	0	1	1	0	0	0	0	0	0	0
CD84	0	0	0	0	0	0	0	0	0	0	0	1	1	0	0	0	0	0	0	0
IL4	0	0	0	0	0	0	0	0	0	0	0	1	1	0	0	0	0	0	0	0
IL17RA	0	0	0	0	0	0	0	0	0	0	0	1	1	0	0	0	0	0	0	0
IL17A	0	0	0	0	0	0	0	0	0	0	0	1	1	0	0	0	0	0	0	0
SELL	0	0	0	0	0	0	0	0	0	0	0	1	1	0	0	0	0	0	0	0
TNFSF8	0	0	0	0	0	0	0	0	0	0	0	1	1	0	0	0	0	0	0	0
SGOL1	0	0	0	0	0	0	0	0	0	0	0	1	1	0	0	0	0	0	0	0
CREM	0	0	0	1	0	0	0	0	0	0	0	1	0	0	0	0	0	0	0	0
SOCS3	0	0	0	0	0	0	0	0	0	0	0	1	0	0	0	0	0	0	0	0
IL10	0	0	0	0	0	0	0	0	0	0	0	1	0	0	0	0	0	0	0	0
CD2	0	0	0	0	0	0	0	0	0	0	0	1	0	0	0	0	0	0	0	0
NFKBIA	0	0	0	0	1	0	0	0	0	1	1	0	0	0	0	0	1	0	0	0
LYZ	1	0	0	0	1	0	0	0	1	0	0	0	0	0	0	0	1	0	0	0
