Gene	74_VECCHI_GASTRIC_CANCE	15_DELYS_THYROID_CANCER	10_CHIANG_LIVER_CANCER_	29_HOSHIDA_LIVER_CANCER	81_YAUCH_HEDGEHOG_SIGNA	41_LEE_LIVER_CANCER_E2F	66_SCHLESINGER_METHYLAT	51_NAKAYAMA_SOFT_TISSUE	64_RICKMAN_HEAD_AND_NEC	3_BIOCARTA_BAD_PATHWAY	56_REACTOME_AQUAPORIN_M	61_REACTOME_NEPHRIN_INT	34_KEGG_ETHER_LIPID_MET	8_CHEMELLO_SOLEUS_VS_E	4_BIOCARTA_NOS1_PATHWA	59_REACTOME_FORMATION_O	35_KEGG_PRIMARY_BILE_AC	62_REACTOME_PHASE1_FUNC	36_KEGG_RETINOL_METABOL	37_KEGG_TYROSINE_METABO
ADH1B	1	1	0	0	0	0	0	1	0	0	0	0	0	0	0	0	0	1	1	1
MAOA	1	0	0	0	0	0	0	1	0	0	0	0	0	0	0	0	0	1	0	1
ADH1C	0	0	0	0	0	0	0	1	0	0	0	0	0	0	0	0	0	1	1	1
MAOB	0	0	0	0	0	0	0	1	0	0	0	0	0	0	0	0	0	1	0	1
ABCA8	1	0	1	0	0	0	0	1	1	0	0	0	0	0	0	0	0	0	0	0
PDK4	1	0	1	0	0	0	0	1	1	0	0	0	0	0	0	0	0	0	0	0
SFRP1	1	1	0	0	1	0	1	1	0	0	0	0	0	0	0	0	0	0	0	0
CHRDL1	1	1	0	0	0	0	1	1	1	0	0	0	0	0	0	0	0	0	0	0
PRKACB	1	1	0	0	0	0	0	0	0	1	1	0	0	0	1	0	0	0	0	0
PRKAR2B	0	0	0	0	0	0	0	0	0	1	1	0	0	0	1	0	0	0	0	0
PRKAR1A	0	0	0	0	0	0	0	0	0	1	1	0	0	0	1	0	0	0	0	0
ALDH1A1	1	1	0	0	0	1	0	0	0	0	0	0	0	0	0	0	0	1	1	0
GHR	1	1	0	1	0	1	0	0	0	0	0	0	0	0	0	0	0	0	0	0
AOX1	0	1	1	1	0	0	0	0	0	0	0	0	0	0	0	0	0	0	0	1
PNPLA4	0	0	0	0	0	0	0	0	0	0	0	0	0	0	0	0	0	0	1	0
CYP3A5	0	0	0	0	0	0	0	0	0	0	0	0	0	0	0	0	0	1	1	0
CYP39A1	0	0	0	0	0	0	0	0	0	0	0	0	0	0	0	0	1	1	0	0
CYP2U1	0	0	0	0	0	0	0	0	0	0	0	0	0	0	0	0	0	1	0	0
IGF1R	0	0	0	0	0	0	0	0	0	1	0	0	0	0	0	0	0	0	0	0
CSF2RB	0	0	0	0	0	0	0	0	0	1	0	0	0	0	0	0	0	0	0	0
KITLG	0	0	0	0	0	0	0	0	0	1	0	0	0	0	0	0	0	0	0	0
MAPK1	0	0	0	0	0	0	0	0	0	1	0	0	0	0	0	0	0	0	0	0
PIK3R1	0	0	0	0	0	0	0	0	0	1	0	1	0	0	0	0	0	0	0	0
PIK3CA	0	0	0	0	0	0	0	0	0	1	0	1	0	0	0	0	0	0	0	0
MAGI2	1	0	0	0	0	0	0	0	0	0	0	1	0	0	0	0	0	0	0	0
CD2AP	0	0	0	0	0	0	0	0	0	0	0	1	0	0	0	0	0	0	0	0
SPTAN1	0	0	0	0	0	0	0	0	0	0	0	1	0	0	0	0	0	0	0	0
WASL	0	0	0	0	0	0	0	0	0	0	0	1	0	0	0	0	0	0	0	0
IQGAP1	0	0	0	0	0	0	0	0	0	0	0	1	0	0	0	0	0	0	0	0
FYN	0	0	0	0	0	0	0	0	0	0	0	1	0	0	0	0	0	0	0	0
NCK1	0	0	0	0	0	0	0	0	0	0	0	1	0	0	0	0	0	0	0	0
CFH	1	0	0	0	0	1	0	0	0	0	0	0	0	0	0	0	0	0	0	0
ABCG2	0	0	0	0	0	1	0	0	0	0	0	0	0	0	0	0	0	0	0	0
ELOVL5	0	0	0	0	0	1	0	0	0	0	0	0	0	0	0	0	0	0	0	0
EGFR	0	0	0	0	0	1	0	0	0	0	0	0	0	0	0	0	0	0	0	0
REPS1	0	0	0	0	0	1	0	0	0	0	0	0	0	0	0	0	0	0	0	0
MDH1	0	0	0	0	0	1	0	0	0	0	0	0	0	0	0	0	0	0	0	0
GSTO1	0	0	0	0	0	1	0	0	0	0	0	0	0	0	0	0	0	0	0	0
OAT	0	0	0	0	0	1	0	0	0	0	0	0	0	0	0	0	0	0	0	0
ACSL1	0	0	0	0	0	1	0	0	0	0	0	0	0	0	0	0	0	0	0	0
CCDC90B	0	0	0	0	0	1	0	0	0	0	0	0	0	0	0	0	0	0	0	0
C4BPA	0	0	0	0	0	1	0	0	0	0	0	0	0	0	0	0	0	0	0	0
GPR37	0	0	0	0	0	1	0	0	0	0	0	0	0	0	0	0	0	0	0	0
ME1	0	0	0	0	0	1	0	0	0	0	0	0	0	0	0	0	0	0	0	0
AKAP11	0	0	0	0	0	1	0	0	0	0	0	0	0	0	0	0	0	0	0	0
RARRES1	0	0	0	0	0	1	0	0	0	0	0	0	0	0	0	0	0	0	0	0
AKR1C1	0	1	0	0	0	1	0	1	0	0	0	0	0	0	0	0	0	0	0	0
ITPR1	0	1	0	0	0	1	0	0	0	0	0	0	0	1	0	0	0	0	0	0
BCL2	0	1	0	0	0	0	1	0	0	1	0	0	0	0	0	0	0	0	0	0
KIT	0	1	0	0	0	0	0	0	0	1	0	0	0	0	0	0	0	0	0	0
GNG11	0	1	0	0	0	0	0	0	0	0	1	0	0	0	0	0	0	0	0	0
SLC4A4	0	1	0	1	0	0	0	0	0	0	0	0	0	0	0	0	0	0	0	0
RPS6KA5	0	1	0	1	0	0	0	0	0	0	0	0	0	0	0	0	0	0	0	0
TFPI	0	1	0	0	0	0	0	0	0	0	0	0	0	0	0	1	0	0	0	0
SPTBN1	0	1	0	0	0	0	0	0	0	0	0	1	0	0	0	0	0	0	0	0
ZFPM2	0	1	0	0	0	0	0	0	1	0	0	0	0	0	0	0	0	0	0	0
STARD13	0	1	0	0	0	0	0	0	0	0	0	0	0	0	0	0	0	0	0	0
CDC42EP2	0	1	0	0	0	0	0	0	0	0	0	0	0	0	0	0	0	0	0	0
FEZ1	0	1	0	0	0	0	0	0	0	0	0	0	0	0	0	0	0	0	0	0
ID3	0	1	0	0	0	0	0	0	0	0	0	0	0	0	0	0	0	0	0	0
COPZ2	0	1	0	0	0	0	0	0	0	0	0	0	0	0	0	0	0	0	0	0
ZFP36L2	0	1	0	0	0	0	0	0	0	0	0	0	0	0	0	0	0	0	0	0
TSPAN7	0	1	0	0	0	0	0	0	0	0	0	0	0	0	0	0	0	0	0	0
MATN2	0	1	0	0	0	0	0	0	0	0	0	0	0	0	0	0	0	0	0	0
CYR61	0	1	0	0	0	0	0	0	0	0	0	0	0	0	0	0	0	0	0	0
EMCN	0	1	0	0	0	0	0	0	0	0	0	0	0	0	0	0	0	0	0	0
FMO1	0	1	0	0	0	0	0	0	0	0	0	0	0	0	0	0	0	0	0	0
ALDH2	0	1	0	0	0	0	0	0	0	0	0	0	0	0	0	0	0	0	0	0
SEMA3D	0	1	0	0	0	0	0	0	0	0	0	0	0	0	0	0	0	0	0	0
TNFAIP8	0	1	0	0	0	0	0	0	0	0	0	0	0	0	0	0	0	0	0	0
ADD3	0	1	0	0	0	0	0	0	0	0	0	0	0	0	0	0	0	0	0	0
EPB41L4B	0	1	0	0	0	0	0	0	0	0	0	0	0	0	0	0	0	0	0	0
SALL2	0	1	0	0	0	0	0	0	0	0	0	0	0	0	0	0	0	0	0	0
EPB41L3	0	1	0	0	0	0	0	0	0	0	0	0	0	0	0	0	0	0	0	0
CPNE3	0	1	0	0	0	0	0	0	0	0	0	0	0	0	0	0	0	0	0	0
ZNF302	0	1	0	0	0	0	0	0	0	0	0	0	0	0	0	0	0	0	0	0
TEK	0	1	0	0	0	0	0	0	0	0	0	0	0	0	0	0	0	0	0	0
KCNAB1	0	1	0	0	0	0	0	0	0	0	0	0	0	0	0	0	0	0	0	0
FABP5	0	1	0	0	0	0	0	0	0	0	0	0	0	0	0	0	0	0	0	0
SH3BP5	0	1	0	0	0	0	0	0	0	0	0	0	0	0	0	0	0	0	0	0
SLC1A1	0	1	0	0	0	0	0	0	0	0	0	0	0	0	0	0	0	0	0	0
TBC1D4	0	1	0	0	0	0	0	0	0	0	0	0	0	0	0	0	0	0	0	0
TOB1	0	1	0	0	0	0	0	0	0	0	0	0	0	0	0	0	0	0	0	0
MEOX2	0	1	0	0	0	0	0	0	0	0	0	0	0	0	0	0	0	0	0	0
AKAP12	0	1	0	0	0	0	0	0	0	0	0	0	0	0	0	0	0	0	0	0
ASPH	0	1	0	0	0	0	0	0	0	0	0	0	0	0	0	0	0	0	0	0
MGP	0	1	0	0	0	0	0	0	0	0	0	0	0	0	0	0	0	0	0	0
ZNF862	0	1	0	0	0	0	0	0	0	0	0	0	0	0	0	0	0	0	0	0
EML1	0	1	0	0	0	0	0	0	0	0	0	0	0	0	0	0	0	0	0	0
FGL2	0	1	0	0	0	0	0	0	0	0	0	0	0	0	0	0	0	0	0	0
PDE10A	0	1	0	0	0	0	0	0	0	0	0	0	0	0	0	0	0	0	0	0
TLE4	0	1	0	0	0	0	0	0	0	0	0	0	0	0	0	0	0	0	0	0
HSPA12A	0	1	0	0	0	0	0	0	0	0	0	0	0	0	0	0	0	0	0	0
RYR2	0	1	0	0	0	0	0	0	0	0	0	0	0	0	0	0	0	0	0	0
ARL4A	0	1	0	0	0	0	0	0	0	0	0	0	0	0	0	0	0	0	0	0
DNAJB4	0	1	0	0	0	0	0	0	0	0	0	0	0	0	0	0	0	0	0	0
PCLO	0	1	0	0	0	0	0	0	0	0	0	0	0	0	0	0	0	0	0	0
PLA2R1	0	1	0	0	0	0	0	0	0	0	0	0	0	0	0	0	0	0	0	0
TGFBR3	0	1	0	0	0	0	0	0	0	0	0	0	0	0	0	0	0	0	0	0
DPP6	0	1	0	0	0	0	0	0	0	0	0	0	0	0	0	0	0	0	0	0
SYNE1	0	1	0	0	0	0	0	0	0	0	0	0	0	0	0	0	0	0	0	0
DLG2	0	1	0	0	0	0	0	0	0	0	0	0	0	0	0	0	0	0	0	0
GNAI1	0	1	0	0	0	0	0	0	0	0	0	0	0	0	0	0	0	0	0	0
SDC2	0	1	0	0	0	0	0	0	0	0	0	0	0	0	0	0	0	0	0	0
LRP2	0	1	0	0	0	0	0	0	0	0	0	0	0	0	0	0	0	0	0	0
GSTM3	0	1	0	0	0	0	0	0	0	0	0	0	0	0	0	0	0	0	0	0
MEIS2	0	1	0	0	0	0	0	0	0	0	0	0	0	0	0	0	0	0	0	0
FGF13	0	1	0	0	0	0	0	0	0	0	0	0	0	0	0	0	0	0	0	0
BMP2	0	1	0	0	0	0	0	0	0	0	0	0	0	0	0	0	0	0	0	0
DCN	0	1	0	0	0	0	0	0	0	0	0	0	0	0	0	0	0	0	0	0
WASF3	0	1	0	0	0	0	0	0	0	0	0	0	0	0	0	0	0	0	0	0
OGN	0	1	0	0	0	0	0	0	0	0	0	0	0	0	0	0	0	0	0	0
HBB	0	1	0	0	0	0	0	0	0	0	0	0	0	0	0	0	0	0	0	0
G0S2	0	0	0	0	0	0	0	1	0	0	0	0	0	0	0	0	0	0	0	0
PALMD	0	0	0	0	0	0	0	1	0	0	0	0	0	0	0	0	0	0	0	0
NPY1R	0	0	0	0	0	0	0	1	0	0	0	0	0	0	0	0	0	0	0	0
TFPI2	0	0	0	0	0	0	0	1	0	0	0	0	0	0	0	0	0	0	0	0
PTGER3	1	0	0	0	1	0	0	1	0	0	0	0	0	0	0	0	0	0	0	0
FABP4	1	0	0	0	0	0	0	1	0	0	0	0	0	0	0	0	0	0	0	0
AKR1C2	1	0	0	0	0	0	0	1	0	0	0	0	0	0	0	0	0	0	0	0
METTL7A	1	0	0	0	0	0	0	1	0	0	0	0	0	0	0	0	0	0	0	0
FHL1	1	1	0	0	0	0	0	0	1	0	0	0	0	0	0	0	0	0	0	0
CHGB	1	0	0	0	0	0	0	0	1	0	0	0	0	0	0	0	0	0	0	0
SYNPO2	1	0	0	0	0	0	0	0	1	0	0	0	0	0	0	0	0	0	0	0
SORBS2	1	1	1	0	0	0	0	0	0	0	0	0	0	0	0	0	0	0	0	0
CITED2	1	1	0	0	0	0	0	0	0	0	0	0	0	0	0	0	0	0	0	0
TSC22D3	1	1	0	0	0	0	0	0	0	0	0	0	0	0	0	0	0	0	0	0
ITM2A	1	1	0	0	0	0	0	0	0	0	0	0	0	0	0	0	0	0	0	0
GAS1	1	1	0	0	0	0	0	0	0	0	0	0	0	0	0	0	0	0	0	0
ID4	1	1	0	0	0	0	0	0	0	0	0	0	0	0	0	0	0	0	0	0
LAMA2	1	1	0	0	0	0	0	0	0	0	0	0	0	0	0	0	0	0	0	0
LIFR	1	1	0	0	0	0	0	0	0	0	0	0	0	0	0	0	0	0	0	0
HLF	1	1	0	0	0	0	0	0	0	0	0	0	0	0	0	0	0	0	0	0
CYBRD1	1	1	0	0	0	0	0	0	0	0	0	0	0	0	0	0	0	0	0	0
ARRDC4	1	0	0	0	1	0	0	0	0	0	0	0	0	0	0	0	0	0	0	0
BCHE	1	0	0	0	1	0	0	0	0	0	0	0	0	0	0	0	0	0	0	0
MFSD4	1	0	0	0	1	0	0	0	0	0	0	0	0	0	0	0	0	0	0	0
GATA5	1	0	0	0	0	0	1	0	0	0	0	0	0	0	0	0	0	0	0	0
ACOX2	1	0	0	0	0	0	0	0	0	0	0	0	0	0	0	0	1	0	0	0
CHRM3	1	0	0	0	0	0	0	0	0	0	0	0	0	0	0	0	0	0	0	0
RPS6KA6	1	0	0	0	0	0	0	0	0	0	0	0	0	0	0	0	0	0	0	0
UBE2J1	1	0	0	0	0	0	0	0	0	0	0	0	0	0	0	0	0	0	0	0
LYVE1	1	0	0	0	0	0	0	0	0	0	0	0	0	0	0	0	0	0	0	0
FKBP5	1	0	0	0	0	0	0	0	0	0	0	0	0	0	0	0	0	0	0	0
CDH19	1	0	0	0	0	0	0	0	0	0	0	0	0	0	0	0	0	0	0	0
SMARCA1	1	0	0	0	0	0	0	0	0	0	0	0	0	0	0	0	0	0	0	0
SERPINI1	1	0	0	0	0	0	0	0	0	0	0	0	0	0	0	0	0	0	0	0
JAM2	1	0	0	0	0	0	0	0	0	0	0	0	0	0	0	0	0	0	0	0
SVEP1	1	0	0	0	0	0	0	0	0	0	0	0	0	0	0	0	0	0	0	0
ELL2	1	0	0	0	0	0	0	0	0	0	0	0	0	0	0	0	0	0	0	0
GLUL	1	0	0	0	0	0	0	0	0	0	0	0	0	0	0	0	0	0	0	0
SOBP	1	0	0	0	0	0	0	0	0	0	0	0	0	0	0	0	0	0	0	0
RAB27A	1	0	0	0	0	0	0	0	0	0	0	0	0	0	0	0	0	0	0	0
MANEA	1	0	0	0	0	0	0	0	0	0	0	0	0	0	0	0	0	0	0	0
CLDND1	1	0	0	0	0	0	0	0	0	0	0	0	0	0	0	0	0	0	0	0
SLC36A4	1	0	0	0	0	0	0	0	0	0	0	0	0	0	0	0	0	0	0	0
BEX5	1	0	0	0	0	0	0	0	0	0	0	0	0	0	0	0	0	0	0	0
C7	1	0	0	0	0	0	0	0	0	0	0	0	0	0	0	0	0	0	0	0
FAM150B	1	0	0	0	0	0	0	0	0	0	0	0	0	0	0	0	0	0	0	0
AFF3	1	0	0	0	0	0	0	0	0	0	0	0	0	0	0	0	0	0	0	0
SLC16A7	1	0	0	0	0	0	0	0	0	0	0	0	0	0	0	0	0	0	0	0
RBPMS2	1	0	0	0	0	0	0	0	0	0	0	0	0	0	0	0	0	0	0	0
LOC400043	1	0	0	0	0	0	0	0	0	0	0	0	0	0	0	0	0	0	0	0
PID1	1	0	0	0	0	0	0	0	0	0	0	0	0	0	0	0	0	0	0	0
LONRF2	1	0	0	0	0	0	0	0	0	0	0	0	0	0	0	0	0	0	0	0
ZNF844	1	0	0	0	0	0	0	0	0	0	0	0	0	0	0	0	0	0	0	0
GABRB3	1	0	0	0	0	0	0	0	0	0	0	0	0	0	0	0	0	0	0	0
DNAJC6	1	0	0	0	0	0	0	0	0	0	0	0	0	0	0	0	0	0	0	0
NR3C1	1	0	0	0	0	0	0	0	0	0	0	0	0	0	0	0	0	0	0	0
BEX1	1	0	0	0	0	0	0	0	0	0	0	0	0	0	0	0	0	0	0	0
ZNF385B	1	0	0	0	0	0	0	0	0	0	0	0	0	0	0	0	0	0	0	0
UNC5D	1	0	0	0	0	0	0	0	0	0	0	0	0	0	0	0	0	0	0	0
PLLP	1	0	0	0	0	0	0	0	0	0	0	0	0	0	0	0	0	0	0	0
ARMCX1	1	0	0	0	0	0	0	0	0	0	0	0	0	0	0	0	0	0	0	0
ERO1LB	1	0	0	0	0	0	0	0	0	0	0	0	0	0	0	0	0	0	0	0
TMEM47	1	0	0	0	0	0	0	0	0	0	0	0	0	0	0	0	0	0	0	0
CPE	1	0	0	0	0	0	0	0	0	0	0	0	0	0	0	0	0	0	0	0
PRKD3	1	0	0	0	0	0	0	0	0	0	0	0	0	0	0	0	0	0	0	0
NTN4	1	0	0	0	0	0	0	0	0	0	0	0	0	0	0	0	0	0	0	0
SH3GL2	1	0	0	0	0	0	0	0	0	0	0	0	0	0	0	0	0	0	0	0
CNTN1	1	0	0	0	0	0	0	0	0	0	0	0	0	0	0	0	0	0	0	0
SHISA3	1	0	0	0	0	0	0	0	0	0	0	0	0	0	0	0	0	0	0	0
GSPT2	1	0	0	0	0	0	0	0	0	0	0	0	0	0	0	0	0	0	0	0
ANGPTL1	1	0	0	0	0	0	0	0	0	0	0	0	0	0	0	0	0	0	0	0
DTNA	1	0	0	0	0	0	0	0	0	0	0	0	0	0	0	0	0	0	0	0
SPG20	1	0	0	0	0	0	0	0	0	0	0	0	0	0	0	0	0	0	0	0
WIPF3	1	0	0	0	0	0	0	0	0	0	0	0	0	0	0	0	0	0	0	0
C2orf40	1	0	0	0	0	0	0	0	0	0	0	0	0	0	0	0	0	0	0	0
CFL2	1	0	0	0	0	0	0	0	0	0	0	0	0	0	0	0	0	0	0	0
RORA	1	0	0	0	0	0	0	0	0	0	0	0	0	0	0	0	0	0	0	0
TTLL7	1	0	0	0	0	0	0	0	0	0	0	0	0	0	0	0	0	0	0	0
IRX3	1	0	0	0	0	0	0	0	0	0	0	0	0	0	0	0	0	0	0	0
UBL3	1	0	0	0	0	0	0	0	0	0	0	0	0	0	0	0	0	0	0	0
RNF180	1	0	0	0	0	0	0	0	0	0	0	0	0	0	0	0	0	0	0	0
MAF	1	0	0	0	0	0	0	0	0	0	0	0	0	0	0	0	0	0	0	0
HHIP	1	0	0	0	0	0	0	0	0	0	0	0	0	0	0	0	0	0	0	0
MDFIC	1	0	0	0	0	0	0	0	0	0	0	0	0	0	0	0	0	0	0	0
TCEAL2	1	0	0	0	0	0	0	0	0	0	0	0	0	0	0	0	0	0	0	0
CGNL1	1	0	0	0	0	0	0	0	0	0	0	0	0	0	0	0	0	0	0	0
AGTR1	1	0	0	0	0	0	0	0	0	0	0	0	0	0	0	0	0	0	0	0
RBMS3	1	0	0	0	0	0	0	0	0	0	0	0	0	0	0	0	0	0	0	0
DMD	1	0	0	0	0	0	0	0	0	0	0	0	0	0	0	0	0	0	0	0
COL4A6	1	0	0	0	0	0	0	0	0	0	0	0	0	0	0	0	0	0	0	0
VLDLR	1	0	0	0	0	0	0	0	0	0	0	0	0	0	0	0	0	0	0	0
PTPRZ1	1	0	0	0	0	0	0	0	0	0	0	0	0	0	0	0	0	0	0	0
NR3C2	1	0	0	0	0	0	0	0	0	0	0	0	0	0	0	0	0	0	0	0
SLIT2	1	0	0	0	0	0	0	0	0	0	0	0	0	0	0	0	0	0	0	0
RGS4	1	0	0	0	0	0	0	0	0	0	0	0	0	0	0	0	0	0	0	0
SYT4	1	0	0	0	0	0	0	0	0	0	0	0	0	0	0	0	0	0	0	0
SDPR	1	0	0	0	0	0	0	0	0	0	0	0	0	0	0	0	0	0	0	0
SOX6	1	0	0	0	0	0	0	0	0	0	0	0	0	0	0	0	0	0	0	0
NAP1L2	1	0	0	0	0	0	0	0	0	0	0	0	0	0	0	0	0	0	0	0
OMD	1	0	0	0	0	0	0	0	0	0	0	0	0	0	0	0	0	0	0	0
HPGD	1	0	0	0	0	0	0	0	0	0	0	0	0	0	0	0	0	0	0	0
PCDH9	1	0	0	0	0	0	0	0	0	0	0	0	0	0	0	0	0	0	0	0
PDGFD	1	0	0	0	0	0	0	0	0	0	0	0	0	0	0	0	0	0	0	0
SOSTDC1	1	0	0	0	0	0	0	0	0	0	0	0	0	0	0	0	0	0	0	0
MUM1L1	1	0	0	0	0	0	0	0	0	0	0	0	0	0	0	0	0	0	0	0
NDNF	1	0	0	0	0	0	0	0	0	0	0	0	0	0	0	0	0	0	0	0
EFEMP1	1	0	0	0	0	0	0	0	0	0	0	0	0	0	0	0	0	0	0	0
PTGIS	0	0	0	0	0	0	0	0	1	0	0	0	0	0	0	0	0	1	0	0
ANK2	0	0	0	0	0	0	0	0	1	0	0	0	0	0	0	0	0	0	0	0
PKIA	0	0	0	0	0	0	0	0	1	0	0	0	0	0	0	0	0	0	0	0
TPM1	0	0	0	0	0	0	0	0	1	0	0	0	0	0	0	0	0	0	0	0
DCLK1	0	0	0	0	0	0	0	0	1	0	0	0	0	0	0	0	0	0	0	0
HSPB3	0	0	0	0	0	0	0	0	1	0	0	0	0	0	0	0	0	0	0	0
CMYA5	0	0	0	0	0	0	0	0	1	0	0	0	0	0	0	0	0	0	0	0
ADH5	0	0	0	1	0	0	0	0	0	0	0	0	0	0	0	0	0	0	1	1
PROS1	0	0	0	1	0	0	0	0	0	0	0	0	0	0	0	1	0	0	0	0
SCG5	0	0	0	1	1	0	0	0	0	0	0	0	0	0	0	0	0	0	0	0
SDHC	0	0	0	1	0	0	0	0	0	0	0	0	0	0	0	0	0	0	0	0
EIF2B1	0	0	0	1	0	0	0	0	0	0	0	0	0	0	0	0	0	0	0	0
ATP6AP2	0	0	0	1	0	0	0	0	0	0	0	0	0	0	0	0	0	0	0	0
PTPN2	0	0	0	1	0	0	0	0	0	0	0	0	0	0	0	0	0	0	0	0
CREB1	0	0	0	1	0	0	0	0	0	0	0	0	0	0	0	0	0	0	0	0
CCT8	0	0	0	1	0	0	0	0	0	0	0	0	0	0	0	0	0	0	0	0
ERCC5	0	0	0	1	0	0	0	0	0	0	0	0	0	0	0	0	0	0	0	0
GRM5	0	0	0	1	0	0	0	0	0	0	0	0	0	0	0	0	0	0	0	0
C5	0	0	0	1	0	0	0	0	0	0	0	0	0	0	0	0	0	0	0	0
ALDH9A1	0	0	0	1	0	0	0	0	0	0	0	0	0	0	0	0	0	0	0	0
ARF4	0	0	0	1	0	0	0	0	0	0	0	0	0	0	0	0	0	0	0	0
DAD1	0	0	0	1	0	0	0	0	0	0	0	0	0	0	0	0	0	0	0	0
TRAF6	0	0	0	1	0	0	0	0	0	0	0	0	0	0	0	0	0	0	0	0
VPS41	0	0	0	1	0	0	0	0	0	0	0	0	0	0	0	0	0	0	0	0
C4BPB	0	0	0	1	0	0	0	0	0	0	0	0	0	0	0	0	0	0	0	0
HMGCR	0	0	0	1	0	0	0	0	0	0	0	0	0	0	0	0	0	0	0	0
XPA	0	0	0	1	0	0	0	0	0	0	0	0	0	0	0	0	0	0	0	0
USP14	0	0	0	1	0	0	0	0	0	0	0	0	0	0	0	0	0	0	0	0
PLA2G16	0	0	0	1	0	0	0	0	0	0	0	0	0	0	0	0	0	0	0	0
ZNF185	0	0	0	1	0	0	0	0	0	0	0	0	0	0	0	0	0	0	0	0
CYB5A	0	0	0	1	0	0	0	0	0	0	0	0	0	0	0	0	0	0	0	0
CPOX	0	0	0	1	0	0	0	0	0	0	0	0	0	0	0	0	0	0	0	0
NENF	0	0	0	1	0	0	0	0	0	0	0	0	0	0	0	0	0	0	0	0
FAM129A	0	0	0	1	0	0	0	0	0	0	0	0	0	0	0	0	0	0	0	0
CTBS	0	0	0	1	0	0	0	0	0	0	0	0	0	0	0	0	0	0	0	0
IMPA1	0	0	0	1	0	0	0	0	0	0	0	0	0	0	0	0	0	0	0	0
ANKRD46	0	0	0	1	0	0	0	0	0	0	0	0	0	0	0	0	0	0	0	0
PON3	0	0	0	1	0	0	0	0	0	0	0	0	0	0	0	0	0	0	0	0
DOCK4	0	0	0	1	0	0	0	0	0	0	0	0	0	0	0	0	0	0	0	0
SSFA2	0	0	0	1	0	0	0	0	0	0	0	0	0	0	0	0	0	0	0	0
ATP2C1	0	0	0	1	0	0	0	0	0	0	0	0	0	0	0	0	0	0	0	0
PIGK	0	0	0	1	0	0	0	0	0	0	0	0	0	0	0	0	0	0	0	0
PLCG2	0	0	0	1	0	0	0	0	0	0	0	0	0	0	0	0	0	0	0	0
DST	0	0	0	1	0	0	0	0	0	0	0	0	0	0	0	0	0	0	0	0
NAAA	0	0	0	1	0	0	0	0	0	0	0	0	0	0	0	0	0	0	0	0
PCK1	0	0	1	1	0	1	0	0	0	0	0	0	0	0	0	0	0	0	0	0
SELENBP1	0	0	1	1	0	0	0	1	0	0	0	0	0	0	0	0	0	0	0	0
ADH6	0	0	1	1	0	0	0	0	0	0	0	0	0	0	0	0	0	0	0	0
AQP9	0	0	1	0	0	0	0	0	0	0	1	0	0	0	0	0	0	0	0	0
GNB4	0	0	0	0	0	0	0	0	0	0	1	0	0	0	0	0	0	0	0	0
RAB11A	0	0	0	0	0	0	0	0	0	0	1	0	0	0	0	0	0	0	0	0
RAB11FIP2	0	0	0	0	0	0	0	0	0	0	1	0	0	0	0	0	0	0	0	0
GNG12	0	0	0	0	0	0	0	0	0	0	1	0	0	0	0	0	0	0	0	0
GNG2	0	0	0	0	0	0	0	0	0	0	1	0	0	0	0	0	0	0	0	0
MYO5B	0	0	0	0	0	0	0	0	0	0	1	0	0	0	0	0	0	0	0	0
SERPING1	0	0	1	0	0	0	0	0	0	0	0	0	0	0	0	1	0	0	0	0
C1QBP	0	0	0	0	0	0	0	0	0	0	0	0	0	0	0	1	0	0	0	0
F3	0	0	0	0	0	0	0	0	0	0	0	0	0	0	0	1	0	0	0	0
F5	0	0	0	0	0	0	0	0	0	0	0	0	0	0	0	1	0	0	0	0
HSD11B1	0	0	1	0	1	1	0	0	0	0	0	0	0	0	0	0	0	0	0	0
RGN	0	0	1	0	0	1	0	0	0	0	0	0	0	0	0	0	0	0	0	0
KLF9	1	0	1	0	0	0	0	0	0	0	0	0	0	0	0	0	0	0	0	0
SCP2	0	0	1	0	0	0	0	0	0	0	0	0	0	0	0	0	1	0	0	0
CTH	0	0	1	0	0	0	0	0	0	0	0	0	0	0	0	0	0	0	0	0
ACADL	0	0	1	0	0	0	0	0	0	0	0	0	0	0	0	0	0	0	0	0
AASS	0	0	1	0	0	0	0	0	0	0	0	0	0	0	0	0	0	0	0	0
PNPO	0	0	1	0	0	0	0	0	0	0	0	0	0	0	0	0	0	0	0	0
CES2	0	0	1	0	0	0	0	0	0	0	0	0	0	0	0	0	0	0	0	0
TST	0	0	1	0	0	0	0	0	0	0	0	0	0	0	0	0	0	0	0	0
CAT	0	0	1	0	0	0	0	0	0	0	0	0	0	0	0	0	0	0	0	0
C6	0	0	1	0	0	0	0	0	0	0	0	0	0	0	0	0	0	0	0	0
ALDH5A1	0	0	1	0	0	0	0	0	0	0	0	0	0	0	0	0	0	0	0	0
ADRB2	0	0	1	0	0	0	0	0	0	0	0	0	0	0	0	0	0	0	0	0
MLYCD	0	0	1	0	0	0	0	0	0	0	0	0	0	0	0	0	0	0	0	0
GPLD1	0	0	1	0	0	0	0	0	0	0	0	0	0	0	0	0	0	0	0	0
MTHFD1	0	0	1	0	0	0	0	0	0	0	0	0	0	0	0	0	0	0	0	0
RORC	0	0	1	0	0	0	0	0	0	0	0	0	0	0	0	0	0	0	0	0
ETFDH	0	0	1	0	0	0	0	0	0	0	0	0	0	0	0	0	0	0	0	0
RWDD3	0	0	1	0	0	0	0	0	0	0	0	0	0	0	0	0	0	0	0	0
NUDT6	0	0	1	0	0	0	0	0	0	0	0	0	0	0	0	0	0	0	0	0
RHOB	0	0	1	0	0	0	0	0	0	0	0	0	0	0	0	0	0	0	0	0
TPRG1	0	0	1	0	0	0	0	0	0	0	0	0	0	0	0	0	0	0	0	0
FMO4	0	0	1	0	0	0	0	0	0	0	0	0	0	0	0	0	0	0	0	0
BTD	0	0	1	0	0	0	0	0	0	0	0	0	0	0	0	0	0	0	0	0
HIBADH	0	0	1	0	0	0	0	0	0	0	0	0	0	0	0	0	0	0	0	0
HSD17B6	0	0	1	0	0	0	0	0	0	0	0	0	0	0	0	0	0	0	0	0
ALDH3A2	0	0	1	0	0	0	0	0	0	0	0	0	0	0	0	0	0	0	0	0
MPDZ	0	0	1	0	0	0	0	0	0	0	0	0	0	0	0	0	0	0	0	0
CDO1	0	0	1	0	0	0	0	0	0	0	0	0	0	0	0	0	0	0	0	0
RUNDC3B	0	0	1	0	0	0	0	0	0	0	0	0	0	0	0	0	0	0	0	0
CDC14B	0	0	1	0	0	0	0	0	0	0	0	0	0	0	0	0	0	0	0	0
NUDT7	0	0	1	0	0	0	0	0	0	0	0	0	0	0	0	0	0	0	0	0
GNE	0	0	1	0	0	0	0	0	0	0	0	0	0	0	0	0	0	0	0	0
AMDHD1	0	0	1	0	0	0	0	0	0	0	0	0	0	0	0	0	0	0	0	0
CMBL	0	0	1	0	0	0	0	0	0	0	0	0	0	0	0	0	0	0	0	0
SYTL4	0	0	1	0	0	0	0	0	0	0	0	0	0	0	0	0	0	0	0	0
SLC46A3	0	0	1	0	0	0	0	0	0	0	0	0	0	0	0	0	0	0	0	0
SYBU	0	0	1	0	0	0	0	0	0	0	0	0	0	0	0	0	0	0	0	0
ECM2	0	0	1	0	0	0	0	0	0	0	0	0	0	0	0	0	0	0	0	0
KCNJ8	0	0	1	0	0	0	0	0	0	0	0	0	0	0	0	0	0	0	0	0
PRKCB	0	0	0	0	0	0	0	0	0	0	0	0	0	0	1	0	0	0	0	0
PPP3CC	0	0	0	0	0	0	0	0	0	0	0	0	0	0	1	0	0	0	0	0
GRIN2A	0	0	0	0	0	0	0	0	0	0	0	0	0	0	1	0	0	0	0	0
PRKCA	0	0	0	0	0	0	0	0	0	0	0	0	0	0	1	0	0	0	0	0
PPP3CA	0	0	0	0	0	0	0	0	0	0	0	0	0	1	1	0	0	0	0	0
PAK1	0	0	0	0	0	0	0	0	0	0	0	0	0	1	0	0	0	0	0	0
TMOD1	0	0	0	0	0	0	0	0	0	0	0	0	0	1	0	0	0	0	0	0
MYOM2	0	0	0	0	0	0	0	0	0	0	0	0	0	1	0	0	0	0	0	0
PDLIM3	0	0	0	0	0	0	0	0	0	0	0	0	0	1	0	0	0	0	0	0
SOS2	0	0	0	0	0	0	0	0	0	0	0	0	0	1	0	0	0	0	0	0
PAFAH1B1	0	0	0	0	0	0	0	0	0	0	0	0	1	0	0	0	0	0	0	0
PAFAH1B2	0	0	0	0	0	0	0	0	0	0	0	0	1	0	0	0	0	0	0	0
CHPT1	0	0	0	0	0	0	0	0	0	0	0	0	1	0	0	0	0	0	0	0
PLA2G12A	0	0	0	0	0	0	0	0	0	0	0	0	1	0	0	0	0	0	0	0
AGPS	0	0	0	0	0	0	0	0	0	0	0	0	1	0	0	0	0	0	0	0
LPCAT2	0	0	0	0	0	0	0	0	0	0	0	0	1	0	0	0	0	0	0	0
PLD1	0	0	0	0	0	0	0	0	0	0	0	0	1	0	0	0	0	0	0	0
PPAP2A	0	0	0	0	0	0	0	0	0	0	0	0	1	0	0	0	0	0	0	0
PLA2G4A	0	0	0	0	0	0	0	0	0	0	0	0	1	0	0	0	0	0	0	0
THBD	0	0	0	0	0	0	1	0	0	0	0	0	0	0	0	1	0	0	0	0
NPTX1	0	0	0	0	0	0	1	0	0	0	0	0	0	0	0	0	0	0	0	0
DLC1	0	0	0	0	0	0	1	0	0	0	0	0	0	0	0	0	0	0	0	0
TBX3	0	0	0	0	0	0	1	0	0	0	0	0	0	0	0	0	0	0	0	0
GATA4	0	0	0	0	0	0	1	0	0	0	0	0	0	0	0	0	0	0	0	0
KLF4	0	0	0	0	0	0	1	0	0	0	0	0	0	0	0	0	0	0	0	0
RBP7	0	0	0	0	0	0	1	0	0	0	0	0	0	0	0	0	0	0	0	0
TCEAL1	0	0	0	0	0	0	1	0	0	0	0	0	0	0	0	0	0	0	0	0
PRKG1	0	0	0	0	0	0	1	0	0	0	0	0	0	0	0	0	0	0	0	0
PMP22	0	0	0	0	0	0	1	0	0	0	0	0	0	0	0	0	0	0	0	0
NKX3-1	0	0	0	0	0	0	1	0	0	0	0	0	0	0	0	0	0	0	0	0
PGR	0	0	0	0	0	0	1	0	0	0	0	0	0	0	0	0	0	0	0	0
DSC3	0	0	0	0	0	0	1	0	0	0	0	0	0	0	0	0	0	0	0	0
PTHLH	0	0	0	0	1	0	1	0	0	0	0	0	0	0	0	0	0	0	0	0
ALDH1A3	0	0	0	0	1	0	0	0	0	0	0	0	0	0	0	0	0	0	0	1
ZNF235	0	0	0	0	1	0	0	0	0	0	0	0	0	0	0	0	0	0	0	0
GLCE	0	0	0	0	1	0	0	0	0	0	0	0	0	0	0	0	0	0	0	0
LCA5	0	0	0	0	1	0	0	0	0	0	0	0	0	0	0	0	0	0	0	0
KIAA1468	0	0	0	0	1	0	0	0	0	0	0	0	0	0	0	0	0	0	0	0
PENK	0	0	0	0	1	0	0	0	0	0	0	0	0	0	0	0	0	0	0	0
STK33	0	0	0	0	1	0	0	0	0	0	0	0	0	0	0	0	0	0	0	0
RAB22A	0	0	0	0	1	0	0	0	0	0	0	0	0	0	0	0	0	0	0	0
RDH10	0	0	0	0	1	0	0	0	0	0	0	0	0	0	0	0	0	0	0	0
MBP	0	0	0	0	1	0	0	0	0	0	0	0	0	0	0	0	0	0	0	0
AQR	0	0	0	0	1	0	0	0	0	0	0	0	0	0	0	0	0	0	0	0
C1QTNF7	0	0	0	0	1	0	0	0	0	0	0	0	0	0	0	0	0	0	0	0
FAM110B	0	0	0	0	1	0	0	0	0	0	0	0	0	0	0	0	0	0	0	0
PCSK5	0	0	0	0	1	0	0	0	0	0	0	0	0	0	0	0	0	0	0	0
MED6	0	0	0	0	1	0	0	0	0	0	0	0	0	0	0	0	0	0	0	0
NEBL	0	0	0	0	1	0	0	0	0	0	0	0	0	0	0	0	0	0	0	0
NME7	0	0	0	0	1	0	0	0	0	0	0	0	0	0	0	0	0	0	0	0
BST1	0	0	0	0	1	0	0	0	0	0	0	0	0	0	0	0	0	0	0	0
ZC3H13	0	0	0	0	1	0	0	0	0	0	0	0	0	0	0	0	0	0	0	0
BNC2	0	0	0	0	1	0	0	0	0	0	0	0	0	0	0	0	0	0	0	0
GPHN	0	0	0	0	1	0	0	0	0	0	0	0	0	0	0	0	0	0	0	0
TRPC1	0	0	0	0	1	0	0	0	0	0	0	0	0	0	0	0	0	0	0	0
DPP10	0	0	0	0	1	0	0	0	0	0	0	0	0	0	0	0	0	0	0	0
RERG	0	0	0	0	1	0	0	0	0	0	0	0	0	0	0	0	0	0	0	0
SPOCK1	0	0	0	0	1	0	0	0	0	0	0	0	0	0	0	0	0	0	0	0
